@Right hand swipe left
-0.666779707442015
-1.56180579544573
-0.693129494163518
-1.33980172591716
-0.663067325320142
-0.743742129715558
1.01869909702703
-0.241039059881965
1.36194322467633
0.205608858980156
1.42506643278307
0.389953681058807
----
@Right hand swipe right
-0.642808567326703
-1.48980098283377
-0.666369469233406
-1.27888320460706
-0.659466022409333
-0.737180173556391
0.61455649013168
-0.319172880461793
0.154773094779926
0.168639067617632
0.113969717564704
0.323189016400349
----
@Left hand swipe right
-1.40543811326925
0.474146681561308
-1.30553398505764
0.268412676572144
-1.02628338129992
-0.218320896060496
0.655116632385849
-0.732278531288077
0.648874783006923
-1.26788785377658
0.607995890591787
-1.48626527727395
----
@Left hand swipe left
-0.275419991804483
0.211324050985753
-0.547092413260789
0.0490682010960425
-1.08900228362103
-0.49901076402059
0.666652847996621
-1.23188427986503
0.616843693230738
-1.97049542209857
0.552127649896717
-2.25854655756503
----
@Two hands zoom in
-0.273129084316356
0.462071938252925
-0.398554036748959
0.326453061102139
-0.925255438810689
-0.257006347692087
0.789302036418177
-0.224428728015311
0.272198889473509
0.243653043585911
0.188197135292104
0.404514356118475
----
@Two hands zoom out
-1.25380164592166
0.507913160600995
-1.20414609943043
0.291013393066634
-1.00860773085742
-0.198452860663764
0.96035534126038
-0.283163848980491
1.26813773107204
0.13364633296127
1.33671900795358
0.344658851172224
----