@Right hand swipe left
-0.695733026874938
-1.51349504911274
-0.720797061265711
-1.30992891383609
-0.690387611565485
-0.744085664362442
1.11198938905496
-0.216686716385343
1.49954688624917
0.142533623045256
1.58269760201832
0.300898946881981
----
@Right hand swipe right
-0.682283533858139
-1.54442890952354
-0.69158525360188
-1.31354622663099
-0.675030867780315
-0.761692225330239
0.683389335055645
-0.378249110964502
0.188339698695949
0.140239957373133
0.183051515145416
0.305984918807548
----
@Left hand swipe right
-1.3815106525745
0.471130874222584
-1.28976496914832
0.258678842823394
-1.02269184717294
-0.215425272031301
0.653726092175581
-0.748561331329846
0.678352606240721
-1.29325719358364
0.666176629687691
-1.52344614406642
----
@Left hand swipe left
-0.0570716304513821
0.52080660887808
-0.220049957594116
0.308797602655242
-0.708984857274545
-0.327229354702443
0.685436358221443
-0.748148370397782
0.739159298140836
-1.32591244353417
0.70862924360639
-1.56849552546703
----
@Two hands zoom in
-0.142991029463793
0.174954983355386
-0.231004816600056
0.0318378985510581
-0.616496764305844
-0.379998119762482
0.644146393292129
-0.417975027980803
0.289440175722405
0.0519114418909753
0.205737874220646
0.199884425249799
----
@Two hands zoom out
-1.43501785862893
0.402224177938644
-1.37230733970307
0.236150922576001
-1.09966189678526
-0.205214879996228
1.03628233359995
-0.294920572478331
1.47088848928514
0.0319223875029028
1.56923631948596
0.174798277821123
----
@Right hand wave
-0.71634098159746
-1.58229408649053
-0.737779819784709
-1.34391777298471
-0.706575164395156
-0.756986912404291
0.98029476488878
-0.326495477204265
1.35987265040201
0.133854788520395
1.4520333152493
0.33707367203076
----
@Left hand wave
-1.22853986951029
0.520290405752825
-1.17944907843022
0.302204796800336
-1.01292241912475
-0.243065006424548
0.669517852373399
-0.742314959249943
0.711378192880216
-1.32365509900079
0.695037162010687
-1.56072594514306
----
@Right hand pull down
-0.741755464676608
-1.61836394846677
-0.762503037343715
-1.39201158593159
-0.704353121027517
-0.804662167066086
0.964486745692989
0.304594496592884
0.956047467725919
0.961291561027834
0.925117577792833
1.14193478687935
----
@Left hand pull down
-0.826572600085702
0.954613487760836
-0.883634265920733
0.719148340078692
-0.984339032981269
0.203837222824628
0.657882134615118
-0.751395414433572
0.690336715714512
-1.31230181733798
0.668553712494969
-1.54373322136195
----
@Right hand push up
-0.680556575125712
-1.57333746205799
-0.702738595366046
-1.33794420002142
-0.690605575325928
-0.761539228756341
0.652602658770601
-0.766487364351342
0.652973920247557
-1.25051057866048
0.640924313450859
-1.42903673728183
----
@Left hand push up
-0.670192297337896
-1.56777424813936
-0.70031785282418
-1.32992529147364
-0.684834335298016
-0.754525705977817
0.654068997296501
-0.776987772285691
0.670916943242654
-1.37301440998291
0.666916470626908
-1.61839591733435
----
@Both hands pull down
-0.747880324432949
0.999170529240467
-0.809675404781741
0.836765783459862
-0.916463703143298
0.29692315299817
0.975365183900139
0.178720553628001
0.974184417042085
0.701759876267502
0.918054489964526
0.916001943565657
----
@Both hands push up
-0.672734018916973
-1.36431469104988
-0.718332049576402
-1.16795141934663
-0.728957329555061
-0.673018304365902
0.67120967882477
-0.731673381125632
0.699864955464402
-1.16585558319841
0.67447124040072
-1.33059000784718
----
@Get on down at the disco!
-0.692611084133774
-1.60320633439974
-0.714279538877549
-1.33994471372364
-0.692159585224528
-0.748928316978206
0.598120513568251
-0.475798671606144
0.0818840238947561
-0.660044739757101
-0.176011753877786
-0.726422813694819
----