@ChangeAvatar
0.0369910072111623
0.574612822085111
-0.103066927295188
0.47643754629444
-0.49722968116088
0.151289107051051
0.297609682560607
0.551918508312712
-0.0684434092137856
0.893987552837242
-0.191650842758428
1.00467868607622
~
0.37367922374599
1.11086600627789
0.142354594449694
0.948716328853053
-0.508655259606379
0.411692512354684
0.101861939695667
0.853843752400153
-0.502721243460616
1.41881428558811
-0.706215127107779
1.60163526153159
~
-0.74510972361451
0.95749655405549
-0.934896643175105
0.82446278899613
-0.500724496862869
0.246119318909719
0.131292831354094
0.736894105685037
-0.540341015981847
1.16239993214334
-0.707294571867632
1.31239305249377
~
-0.179102338383927
0.674151200765057
-0.334113216116
0.565494268116219
-0.971994918246495
0.446314571222838
0.931465058990803
0.505219051807548
0.505337223170086
0.928960207525285
0.368975990718977
1.05146900209527
~
-0.499289592646376
0.765524567555398
-0.580885156411282
0.779954231126717
-0.900400818708106
0.331401984046509
0.796245790542403
0.562867784620084
0.154371113964636
0.891751114036697
0.0243044818217762
1.00860456969699
~
-0.427706736486111
0.979666613393528
-0.541213045220279
0.981338171260895
-0.865383834298335
0.472925993666685
0.698598151341044
0.551734138610801
0.0712322311023359
1.07656921090461
-0.0783791897426793
1.21098225537449
~
-0.202016734922721
1.17757844676901
-0.318117950680104
0.986825178643791
-0.666421544361865
0.414565588629668
0.530370395955791
0.316733978932266
-0.0856138320809453
0.850014064957713
-0.234689400610677
0.983945874323642
~
-0.240870034371388
1.19447589125134
-0.342500686148658
1.00025619455809
-0.647392641480469
0.417597428376158
0.501794537922706
0.291774796537816
-0.118211128198537
0.830930418423968
-0.268377270281603
0.965841838235298
~
-0.243990344499111
1.19295386048523
-0.34700148313849
1.00094383450941
-0.656034899056627
0.424913756581944
0.5192195484734
0.281396285113306
-0.102067757055445
0.815963321244431
-0.252312680889512
0.950945434239105
~
-0.330681915952707
0.989848601763699
-0.455663501094905
0.826701121473525
-0.830608156870341
0.337258879905317
0.977083973562478
0.44586528855646
0.170577657455116
0.710136172762856
0.031978442658075
0.834655476184427
~
-0.462399278941393
1.14653379291414
-0.599647753248645
0.973648782111319
-1.01139307020531
0.454993855667958
0.852428057440592
0.621584434179881
0.149345687364291
1.0116109874122
0.00196628820373115
1.14401860554597
~
-0.576623672654904
1.09978446734071
-0.690714003202015
0.941743739813133
-1.03298499484335
0.467621762200458
0.868667956069383
0.590947326113083
0.260178831310249
0.876329390906679
0.117641244622245
1.00438689355126
~
-0.465936718566295
1.02270087313935
-0.591552350792811
0.87139766200544
-0.968399247472361
0.417487936161443
0.871896965782196
0.526112680321732
0.298177952515185
0.723492998253829
0.169610534811499
0.838999606734522
~
-0.230918778700308
0.695006405088711
-0.380079093458422
0.624722777822263
-0.827560037732765
0.413871737511543
0.824145227151298
0.402332426333453
0.365235137105453
0.609686864192492
0.25500912963715
0.708715261475386
~
-0.441379599929684
0.949751333187375
-0.563568784089677
0.804988855667419
-0.930136292313592
0.37070151161968
0.849329672190829
0.487069562629882
0.34512721441363
0.713967227378626
0.222029519599538
0.824559773243244
~
-0.403233576034261
0.918773208505232
-0.534343092509942
0.784037819661927
-0.927671641936987
0.379831653132013
0.845991424801625
0.466359167938132
0.362711533744475
0.709112290702249
0.240912949404722
0.81853759981913
~
-0.393897591392323
0.927308739484181
-0.523283346844543
0.793077753968798
-0.911440613201204
0.39038479742265
0.841067692123918
0.466140157718179
0.364856384463787
0.712325252895649
0.243927510224425
0.820969326349047
~
-0.494436741104858
0.966552389876187
-0.607587064298477
0.81338747485473
-0.947037989203689
0.353892551087772
0.858605115358358
0.483912085755774
0.36821899228416
0.759591384200362
0.243964726968179
0.871223137486103
~
-0.508315933330828
0.992044229533059
-0.618050630276557
0.835190998218166
-0.947254630675794
0.364631485149389
0.861990227616875
0.496800943793473
0.340228228393965
0.739413047665914
0.214469859592466
0.852395914069848
~
-0.511555962249971
1.0031181829844
-0.621925965422571
0.846011413862699
-0.953035929458496
0.374691106497589
0.860776809118592
0.497706844858336
0.319688441750255
0.729944396444141
0.193201560761108
0.843581772072336
~
-0.511879873683471
1.00425744618341
-0.621693159509333
0.847847369341159
-0.951133016986918
0.378617229646355
0.858884359743501
0.498102574142389
0.356885276554287
0.780880786590357
0.230584084096679
0.894351330103322
~
-0.542616309801492
0.988711188417662
-0.643448287720243
0.827981123556786
-0.945944221476494
0.345791108621442
0.863648429871349
0.503487110518686
0.315262792486146
0.683965621559268
0.190373023045467
0.796168464083061
~
-0.56737987691032
0.988325473890442
-0.66419500308931
0.823980532340599
-0.954640426675198
0.330945527495396
0.86133904856193
0.508310687651331
0.317137301945547
0.711634656379218
0.191877669234601
0.824169737798089
~
-0.571810707666686
0.993642531374838
-0.668332720040613
0.828178058105587
-0.95789866677083
0.331784638297832
0.863278967500795
0.510182517610312
0.315924771409236
0.711197632212349
0.190259693341042
0.824097059684823
~
-0.576380648052987
0.987148499889121
-0.67300479144423
0.821504913539135
-0.962877176371621
0.324574063996502
0.865415681622802
0.509551139173864
0.316645785700048
0.71150418797394
0.190842459800228
0.824527730900435
~
-0.361941744349733
0.846737361193898
-0.503905167741325
0.727367960697992
-0.958818031904295
0.326114437788351
0.869539271967891
0.507642404284063
0.318701653171113
0.698492876717364
0.193050649274061
0.811379429307319
~
-0.556973576683325
0.969717172381281
-0.657717262441931
0.808500172403056
-0.959948319717748
0.324849353153476
0.874277158842117
0.50391587243209
0.324660243614486
0.702871665064035
0.199072018320186
0.815701738289151
~
-0.556967392327021
0.972326899874554
-0.65757596110256
0.811150619668386
-0.95940162225296
0.327621598345004
0.874177046809709
0.50398268993457
0.31976595082609
0.689226329673638
0.194166349547125
0.80206658558283
~
-0.371674069272166
0.841511208767441
-0.501825553123046
0.718215678247529
-0.965230250482553
0.332212155559386
0.874615780636756
0.508506438823982
0.314841344505366
0.684250016863577
0.188683347058787
0.797592013295347
~
-0.570982312722459
0.992005588265862
-0.670936928055046
0.827534750452819
-0.970800728521018
0.33412223701369
0.876133993002024
0.510047415848861
0.31340525038487
0.683732066425204
0.186821550552556
0.797456632958329
~
-0.575383028405965
0.992759515848092
-0.674604996409545
0.828043843866084
-0.972270991485706
0.333897010050904
0.874071255592772
0.512546966274096
0.31339712527732
0.696432819910148
0.186814426491557
0.810156227593331
~
-0.574426693300771
0.992221288918555
-0.673833963576973
0.827806595034639
-0.972055774405582
0.334562513382893
0.875592668382999
0.511270660766153
0.320363019904758
0.711372729536758
0.193760302353541
0.825114043450995
~
-0.575108840992455
0.994340238123128
-0.674506520268715
0.82976025396551
-0.972699558097494
0.336020119154588
0.874865838042909
0.512063150837808
0.314364305069041
0.698759101996044
0.18764270740484
0.812607164588317
~
----
@Next
-0.66819977561372
-1.62609252792302
-0.663993938470974
-1.47806694725346
-0.67086535301501
-0.877842410120085
1.30910643433403
0.108940443677393
1.97075466716008
0.206727896749639
2.20000654720845
0.232986029687721
~
-0.65133128133468
-1.62055566384191
-0.646664172969641
-1.47501554454384
-0.652553559199307
-0.87849901713055
1.25365279387518
-0.0599385003279713
1.93361614082814
-0.0814557088646786
2.17807544960697
-0.105128411467079
~
-0.632260733980067
-1.61629295012637
-0.626111486027244
-1.47302942047522
-0.633220414154765
-0.878588790446914
1.18847996272934
-0.246920247128264
1.79611076067067
-0.470765833969207
2.00522129305499
-0.590586007124756
~
-0.623556232463049
-1.62271815186705
-0.614303485508407
-1.47551900358827
-0.628107866163163
-0.880990648686136
1.20059915268257
-0.319344898183697
1.77746482349312
-0.611534812276638
1.96230818720161
-0.766158287368323
~
-0.623890976721007
-1.61282764862877
-0.616212981808677
-1.47274688134401
-0.63053283465392
-0.881050515262377
1.2052073371555
-0.317161660960886
1.8033876996964
-0.574934517580799
2.01169699699885
-0.696221981560657
~
-0.687812864971845
-1.66865677980447
-0.680364878457697
-1.52260890878175
-0.696307792422067
-0.909441745613033
1.28546783906839
-0.0678017941222317
1.97750475767907
-0.0802361411877219
2.19475805215466
-0.122514440492119
~
-0.720197437678502
-1.63025421834513
-0.711466133188605
-1.4891516447324
-0.72278687355076
-0.89042311734479
1.29386474001876
0.132883273372255
2.0189771895795
0.348190264184933
2.26503337555316
0.369031569849935
~
-0.738013965189841
-1.62604482037281
-0.730101856896526
-1.48163964915749
-0.734825186938609
-0.884819640878268
1.2752586657565
0.158323693645502
1.99398634829685
0.352526918877023
2.23650984813438
0.377536944376881
~
-0.762984797651855
-1.65051334511588
-0.754604827159926
-1.4975603981976
-0.751293847390606
-0.887527519496109
1.2017257967622
-0.178492920730638
1.84074105609233
-0.380931559909384
2.06680778062348
-0.485798385395134
~
-0.757876757483793
-1.67119948708698
-0.750002798451487
-1.51532323409767
-0.747751736181822
-0.898462442622699
1.17930509290827
-0.262221220713569
1.81628316610285
-0.49699367106321
2.02604404007105
-0.635812625475368
~
-0.760044328916842
-1.67895942933714
-0.751222601608872
-1.52239707985734
-0.750843578137785
-0.902737576254835
1.18972365651196
-0.246262241575661
1.86266194358491
-0.373078920917184
2.10028024116717
-0.461332698707167
~
-0.754412893876105
-1.64609055524697
-0.74536513741887
-1.49326831030931
-0.745646720721004
-0.886634110759318
1.23387775940368
-0.0502178133745016
1.9275376182169
-0.00276153862356625
2.17626039818062
-0.0382130488775327
~
-0.754316421717621
-1.6373841738475
-0.743630947633313
-1.48678455873932
-0.743274183672395
-0.886185466686703
1.27322825185368
0.144985489057751
1.96569278392953
0.442718429830807
2.20610409977806
0.504900406723564
~
-0.759887543600015
-1.63848638160187
-0.748996902775823
-1.487860490459
-0.744063783570632
-0.885217739488542
1.27320361667026
0.17503223360969
1.96192226525774
0.463293269521057
2.19910020366545
0.536644483995917
~
-0.752596617979689
-1.633476924219
-0.741189830905067
-1.48540229611066
-0.736661258607375
-0.884414640615346
1.27280637166664
0.137965844287582
1.96877073912837
0.313495480457753
2.21785395613921
0.332492968594617
~
-0.721903910719195
-1.599260839178
-0.711390639724715
-1.45192979660549
-0.706557348069567
-0.862575747455871
1.19301378390219
-0.0511832645354729
1.86396778827602
-0.115110135584613
2.09835851188308
-0.187202005965192
~
-0.684421322090125
-1.57466451195367
-0.674575315819689
-1.43379563313277
-0.670653578978046
-0.853823557639125
1.15934266460364
-0.188619534993872
1.82351873199257
-0.353869360112949
1.96468241566106
-0.479140748328346
~
-0.680838173192296
-1.58264886296739
-0.670326962136528
-1.44090443256174
-0.668597396423522
-0.856794684821977
1.14203490787216
-0.249320023917662
1.73622815848082
-0.470306812138193
1.93829444401756
-0.594199337381463
~
-0.694417763080074
-1.60699745047516
-0.683821366138567
-1.46325049528503
-0.683783921050138
-0.868972189673405
1.1523696343606
-0.26538056794486
1.7740773353347
-0.435477650632286
1.98233030620039
-0.556208968142138
~
-0.721732189813294
-1.62757395655187
-0.708672743258739
-1.4845954721482
-0.710676394315779
-0.879539585203787
1.20397343197925
-0.174013541934334
1.90488971464342
-0.237164981118449
2.13854978656605
-0.316368213044225
~
-0.749683418880895
-1.61161062887272
-0.731922077698001
-1.46579338576792
-0.736532681294466
-0.86664755636718
1.26691701939809
0.0500939697330731
1.96603189974574
0.279841402461784
2.20965777138342
0.335125989875085
~
-0.756472399687895
-1.61006549473201
-0.737644107791902
-1.46672278872302
-0.73959020444611
-0.86833158295628
1.29879098276231
0.133774020418228
1.94973750261972
0.441773272267628
2.17755777968826
0.53807545893951
~
-0.756409191693491
-1.60831831781641
-0.736889774764871
-1.46684352851071
-0.737795744034036
-0.868229044648632
1.25786198093796
0.0493514417242224
1.94485877923308
0.219339861382089
2.18828111459754
0.26627191481102
~
-0.742311406525682
-1.60180499824464
-0.723352808687596
-1.46106912651762
-0.724081891634033
-0.86472294267328
1.17690367860993
-0.130727201313832
1.85920189348278
-0.272500783887471
2.02712054074523
-0.335625752492914
~
-0.708213293934611
-1.59877630701485
-0.689822179441218
-1.43795581978411
-0.692420207582723
-0.852785290768986
1.14769662403965
-0.241323401871281
1.74654373037475
-0.475270606637568
1.93243629983498
-0.628396275036301
~
-0.688835107700789
-1.59571251262084
-0.672863509605788
-1.4343474197488
-0.677387052280112
-0.851324791082683
1.13434085518453
-0.303136229608104
1.71194563555023
-0.575704116444219
1.91423413907367
-0.707159123950287
~
-0.689816662152389
-1.60149097196038
-0.674094552559403
-1.43932053955953
-0.678821663317038
-0.853742530938008
1.13796045676924
-0.284527288362768
1.77141306612575
-0.363267765748741
1.98932790689273
-0.464029841496748
~
-0.687686206372287
-1.59915729522211
-0.672792366678453
-1.43690319200505
-0.677558780844767
-0.851722195859266
1.17079204905185
-0.190157825901205
1.87749986399192
-0.180606048663113
2.11558095436373
-0.219250881964656
~
-0.711452722765991
-1.58511772521558
-0.695749225913935
-1.44261017206561
-0.699165620230475
-0.85279140944379
1.25849816536968
-0.0178126573697116
1.90851571930749
0.234604221059556
2.14192078018061
0.315187505846306
~
-0.710435219279546
-1.57073517500524
-0.695208168083374
-1.42803898651152
-0.696942394925669
-0.84279226273745
1.28613112546362
0.0869338482595611
1.91735994850744
0.484342387006633
2.13494850885551
0.619485976953321
~
-0.699344742466154
-1.55599185865583
-0.685646277349291
-1.41553879292383
-0.683981806036932
-0.837356750646908
1.27791566800174
0.119483220854437
1.88946512591209
0.517769937000042
2.08718236634781
0.649812412535973
~
-0.692453781098037
-1.54793916367789
-0.67964044532887
-1.40839473759099
-0.677080058578872
-0.833113648169791
1.20172330469553
-0.0395044672403548
1.85571995849002
0.101592805267338
2.09230316909096
0.137129731804119
~
-0.677347378804345
-1.53655627860192
-0.66560344366443
-1.39630285402836
-0.662776236509059
-0.826824271717745
1.14713109970228
-0.108591230164936
1.80590896939639
-0.217550751396935
2.03555896008281
-0.277010323133717
~
----
@Previous
-2.15428951940372
0.0264446808680239
-1.91645341024649
0.000588392272891705
-1.27919366242133
-0.0124312052503851
0.639797965759837
-0.84732025883821
0.676377513652402
-1.39982225420209
0.672891970755349
-1.53906660354487
~
-2.14458775927835
-0.284680579275605
-1.90069415131118
-0.290705134060405
-1.26809564573101
-0.177378081846489
0.641242921217689
-0.839016142244303
0.675266546882402
-1.39655699634106
0.672804300747192
-1.53759957496879
~
-2.07885663972954
-0.710458023645493
-1.83160267343252
-0.656554799298323
-1.2372231037373
-0.378843617220933
0.653061421716847
-0.851004943062989
0.680333154967604
-1.42465373766903
0.676383716062409
-1.56116232418792
~
-1.85122463925398
-1.17311560312884
-1.66853915955025
-0.996135201335403
-1.14956847234404
-0.571335801960435
0.666367208048447
-0.867377341185594
0.692548929918942
-1.46145972729599
0.689574239896106
-1.60262783275345
~
-1.88975072538001
-1.16884010607914
-1.69586803314522
-0.998247747657784
-1.15628184775632
-0.583374815020914
0.686099077495592
-0.874597868561366
0.713678810705991
-1.47681110897454
0.709731444966214
-1.6197195692793
~
-2.09148229162399
-0.78137736674765
-1.85886621056878
-0.673382202131185
-1.22548287071692
-0.425484214223588
0.694506217401568
-0.867641352886196
0.721853620867235
-1.46311219746336
0.723666995575002
-1.59841193155275
~
-2.24848920045235
-0.305299513574792
-1.98677756648713
-0.272676237471107
-1.30915016647924
-0.186045660015883
0.697700245452116
-0.863186495867233
0.727791452990668
-1.44637907457155
0.728521232999828
-1.57626075475902
~
-2.21930986503509
0.191404500020651
-1.96303722036247
0.177657539695152
-1.32006829837281
0.000604160768857924
0.691238823783468
-0.849784929476951
0.725217805472773
-1.41193325546324
0.726240731340764
-1.54323509780975
~
-2.11456025170818
0.581572241593072
-1.88931893276744
0.492172211384264
-1.30340508110765
0.229715510308318
0.665894556491614
-0.833493671234415
0.70360012040854
-1.37637432330199
0.707604291712915
-1.51053809404698
~
-2.02238277685683
0.613565205338593
-1.81093244991722
0.497945050208436
-1.23429701710349
0.224757404810972
0.662266017714027
-0.842523594295776
0.703385074612735
-1.38840793930132
0.706425191942697
-1.52748390356553
~
-2.07729949571249
0.612526187747024
-1.87105183775672
0.484900522914225
-1.28576933005325
0.22404274313304
0.66324351771223
-0.852207867862932
0.689575324285098
-1.41833919909217
0.698015216344841
-1.56267610997828
~
-2.16898200994935
0.348064271222845
-1.95115308319907
0.236752796093391
-1.29737255812304
0.0802791112107263
0.650231565774433
-0.854310133628121
0.675013597613156
-1.42637125037668
0.675885385471104
-1.57575947719468
~
-2.17942995827995
-0.24671179845044
-1.93345074557135
-0.195665341048403
-1.29365965507866
-0.0595949833632793
0.647687026495481
-0.854857239961746
0.671991840288786
-1.43752102576652
0.669196515933524
-1.58628107477793
~
-2.0018139973429
-0.278039725579697
-1.90947057207029
-0.313378893601442
-1.27096311002615
-0.138686628158791
0.661831409239712
-0.86119370741408
0.70299596770939
-1.42959050313733
0.72259196966349
-1.56396973513071
~
-2.19035576037651
0.0634438810870637
-1.93394852311396
0.0640385190992653
-1.27231147850651
-0.0329989949057178
0.681201018785953
-0.845242760444202
0.743256491216617
-1.40829647253534
0.766277711006018
-1.55334852680795
~
-2.01917828994729
0.323469424450747
-1.91992666870589
0.300435389598037
-1.28167266994085
0.124029486090225
0.68366590458359
-0.833410596547563
0.76349353799261
-1.3806130698572
0.78274112001406
-1.52743431632771
~
-2.19767859310985
0.764259984374893
-2.02677615379056
0.69587219973761
-1.27527810036738
0.290955133906444
0.669684585741365
-0.830595697171906
0.758042510563835
-1.36445952278379
0.787486812227122
-1.56462454077163
~
-2.14803096559189
0.811542941846053
-2.00314792390495
0.698833772534406
-1.24079676103028
0.28332239148817
0.66410935725413
-0.853810844075249
0.743133416428361
-1.39369348556974
0.745434734958975
-1.60446388747644
~
-2.05027457576943
0.665207493660519
-1.86164882457998
0.510174392813755
-1.27509585663069
0.239451406900442
0.654878099439984
-0.867501201508019
0.709276848208311
-1.41809312077516
0.68918498823934
-1.64072344718581
~
-2.18099300546303
0.145817429958617
-1.93343407581342
0.155906715049537
-1.29319089944935
0.0701816581487997
0.647510791295275
-0.864790205031451
0.684528273303584
-1.42690442472509
0.663235458786421
-1.6499940188459
~
-2.19557546851564
-0.078403617595717
-1.94721826553367
-0.0253897910878546
-1.28698696191673
0.0052884291707032
0.6603044325719
-0.876314215066071
0.692199374508157
-1.45689735363723
0.673175775395346
-1.68486834749024
~
-2.20237357451512
-0.142143406268035
-1.95038531266455
-0.0982147375834503
-1.28920698173545
-0.0217444712520473
0.664617961662347
-0.872910415063823
0.696106169781075
-1.45710462253734
0.683877782338754
-1.60634424665812
~
-2.2236196698498
-0.0546794383485496
-1.96626336926878
-0.0411226813623107
-1.2959159669373
-0.0236098633945199
0.680954167991962
-0.874707278132732
0.733977829242022
-1.45680179295998
0.751964797301401
-1.60021261120497
~
-2.21627240740733
0.181896855753854
-1.95809408075817
0.182023135589853
-1.30207427605367
0.0369205624003366
0.697664007550118
-0.862387773831743
0.775166027046165
-1.43614780778233
0.798325044805747
-1.59065714903771
~
-2.17069207173339
0.407646819495081
-1.92092686160936
0.36912819057297
-1.29153614014785
0.16524961694704
0.697908350628961
-0.823131949841173
0.79047236753492
-1.38637581731618
0.826907161299012
-1.60398275208079
~
-2.10186670771751
0.5860911996897
-1.86781196321282
0.507848474021314
-1.27881776742459
0.243253814370128
0.680760364177337
-0.816932486215454
0.78374072142276
-1.36342669158063
0.826141867874711
-1.57054843264765
~
-2.06977654089579
0.628567560509271
-1.84270392208808
0.537601882078151
-1.26053412063868
0.266815017266151
0.673252756541982
-0.817376802343787
0.775394253269806
-1.36000626924512
0.818429122049696
-1.56588742702134
~
-2.08793387349092
0.607350086173889
-1.86512095669138
0.508441531914281
-1.27299186352921
0.263951911164975
0.662366882222081
-0.828707396057223
0.760623889957758
-1.37386667126051
0.791421975674261
-1.58358261335376
~
-2.17073417753895
0.210198809474651
-1.9283855515704
0.169934795856182
-1.28730554222527
0.102740030897384
0.655324312949497
-0.851198351675177
0.713196651960286
-1.41225076820897
0.705280985642906
-1.63493632227512
~
-2.17773694846172
-0.0453837855628904
-1.9293679491643
-0.0142275560502828
-1.27785268716961
0.0183907495347584
0.656921119879918
-0.855189282458922
0.707771671771118
-1.42516191008097
0.689520831641708
-1.65210567523285
~
-1.99631361118429
-0.0939950017553418
-1.91573349126177
-0.118639549915985
-1.26547563442392
-0.0261258853654332
0.654674229852381
-0.851185643753529
0.699452798426916
-1.42576118712812
0.678540676883716
-1.65475641370617
~
-1.974904237
-0.0369553874958962
-1.92175619081031
-0.0738983994183139
-1.26681169097922
-0.0334223904450818
0.654505121137142
-0.849322696551481
0.700398835331044
-1.41972038086523
0.684927214216472
-1.5716520879783
~
-2.16525263255804
0.19037834122926
-1.91675311999264
0.147921472514498
-1.27268499491081
0.0266124061529983
0.664573837036094
-0.83560773066767
0.724540961176022
-1.39713653856576
0.7445188951342
-1.54251100907756
~
----
@changeBackground
0.132350668337753
-0.175356663229376
-0.0605782938572711
-0.36982524241548
-0.683935168608712
-0.525839341610432
0.984168531500119
-0.307409813567613
0.543453236020945
-0.353232224263588
0.283319405497297
-0.325949068770761
~
0.179754924077573
-0.166351557456383
-0.0632407648646584
-0.360094274313852
-0.684604293784565
-0.483163294117021
0.971263312502909
-0.31127560327883
0.324069284162932
-0.349188206936355
0.167161648732312
-0.315951649153509
~
0.117372863505061
-0.307628193596813
-0.0508838010394314
-0.364837527348355
-0.682724674851887
-0.487785058818327
0.936523223399468
-0.30646350369879
0.275124282153762
-0.349528922259658
0.0924882404853104
-0.280134697328538
~
0.127265685274329
-0.307820534655527
-0.0663212460853008
-0.366935464624629
-0.695933730323337
-0.482063556583552
0.942761357260263
-0.308639476180763
0.200944456442675
-0.374263846656646
0.141361792547152
-0.316145469109366
~
0.12964623174233
-0.308236895138066
-0.0636395462719238
-0.368992208361737
-0.696271741742649
-0.481792396628209
0.946951273670874
-0.311960417838574
0.201030573440693
-0.382072795758903
0.126159125741572
-0.302798389431106
~
0.128526892320928
-0.318332307127007
-0.0679934367675954
-0.383113347193764
-0.705985549393494
-0.491481747791108
0.933323275835423
-0.312413813500252
0.277608458359486
-0.366946858400513
0.0925808068623677
-0.297570628115806
~
0.114574222761243
-0.48330857613436
0.0858121960605832
-0.437326524137488
-0.614219602184688
-0.464431502845236
0.910555335317431
-0.266669746228921
0.144776755409408
-0.236356790637582
0.0981285196040617
-0.452707505507383
~
0.209404167919529
-0.608524888282018
-0.0121756304391475
-0.560078067636342
-0.676914933410048
-0.414737611455885
0.89943970593829
-0.266945903881943
0.262405420308895
-0.553005694628393
0.0852507814642193
-0.604360680070062
~
0.179822159657257
-0.173589556458472
-0.0465454393074141
-0.22332769296359
-0.725648236201426
-0.372542172294432
0.924203997528817
-0.338582312922708
0.187131096606619
-0.529999300918085
-0.0842543671407625
-0.578890081021095
~
0.124730788129468
-0.477604651592739
-0.0783857699256702
-0.458258397593094
-0.687735397681999
-0.400219658798701
0.85887976183748
-0.33785401528513
0.129140811521577
-0.415938207368045
0.0444574098488062
-0.430254946291819
~
-0.25203728212972
-0.619289825043951
-0.37549311426065
-0.548237327065848
-0.745860610653442
-0.335079810153046
0.945593607438933
-0.285484930804957
0.206179855216083
-0.438683554173775
-0.0402913572273735
-0.489749769622879
~
0.0882338463327906
-0.705787565520101
-0.115204339363851
-0.626448565263712
-0.725518806532649
-0.388431570114615
0.824717275327758
-0.269099671209158
0.188310439887246
-0.0848461128582088
-0.0238252318736748
-0.0234282750614134
~
0.18048404232775
-0.643829420291266
-0.0465363202836314
-0.581893290302457
-0.727597318381831
-0.396084922770019
0.834460623704846
-0.260493574739958
0.186653253880034
-0.109562921465024
-0.0292825211055792
-0.0592526887507214
~
0.185730533218026
-0.533026347595838
-0.0443721619017841
-0.498890849190518
-0.734680202284907
-0.396484376462713
0.882133852561031
-0.27339762951338
0.194696829703661
-0.493697288948239
-0.034448859574231
-0.567130508759858
~
0.125082712341473
-0.409059086803442
-0.0646667217484967
-0.399388972454035
-0.740412325575733
-0.391200960660749
0.898761912162927
-0.29483953713527
0.178134274534094
-0.305123011566146
-0.0620749831453645
-0.308550836376438
~
0.465501153343398
-0.477187811572224
0.0410140545677401
-0.426251110786919
-0.692679522013987
-0.370941167678089
0.914761883451934
-0.368440547614123
0.259674372933088
-0.577962863073401
0.0413118619359273
-0.647803634893161
~
0.055929877797381
-0.203643904093213
-0.205146671134533
-0.239255345484022
-0.710023223042183
-0.369243345134745
0.92643671023882
-0.398568502886836
0.241304350222439
-0.592673968180014
0.576499198602909
-0.569176167413451
~
0.216483168218668
-0.319340813720188
-0.0385693438825096
-0.327152178522083
-0.714053020646058
-0.366187929458924
0.918951311268091
-0.409210128213182
0.229406252056684
-0.592641713985588
0.571861625390764
-0.557678356378941
~
0.10798102294982
-0.540448867886506
-0.0118604454904245
-0.336138889522989
-0.739816071691639
-0.360746309080335
0.90774550802799
-0.40080875458821
0.220629884380503
-0.453794554294051
0.0300951180399084
-0.478824373835837
~
0.137387289158672
-0.636763485406352
-0.20285285715938
-0.546610285319158
-0.73114691356904
-0.347945252048723
0.893881472515547
-0.385513259189068
0.241315865639562
-0.573334982899144
-0.111948789160331
-0.610851247121904
~
0.0493042182488027
-0.642851726001094
-0.19365543155219
-0.574310583839206
-0.719710390551348
-0.380362051373105
0.880044046267409
-0.365834434183506
0.203546085270959
-0.176751188300284
0.0103172354992808
-0.17470820958237
~
0.233772204081248
-0.617870889288219
-0.0200323479017839
-0.560720657230627
-0.707077194381398
-0.393786816606846
0.877947139032527
-0.351656515896324
0.466428321746397
-0.300058458271794
0.216447997022875
-0.239724320652005
~
0.0817522957574076
-0.323173623821309
-0.0137691738342621
-0.458893917745155
-0.714949774446816
-0.401929705914349
0.878113836913575
-0.346939280882532
0.415234138255446
-0.376756963380381
0.169093775879959
-0.322730405708598
~
-0.0265793641981424
-0.419523934662563
-0.211041832883771
-0.400373619638109
-0.729276207706321
-0.398080059553503
0.889588822119569
-0.348498267550171
0.413568043228214
-0.398378707851884
0.164956865168273
-0.404401716022046
~
-0.0415020040589043
-0.385210647309957
-0.203850630479326
-0.288603498268126
-0.733155602342756
-0.397095651093808
0.895317636047794
-0.358330388622741
0.485046657227431
-0.525463292051791
0.236009554169326
-0.586221338002245
~
0.0416988334593226
-0.26621116380207
-0.202689347645001
-0.301399284643015
-0.713073667726954
-0.388358045593588
0.917087121497311
-0.321981453675507
0.551238320424051
-0.561019599571085
0.561138830231858
-0.554495221258837
~
0.0847428284194307
-0.329732777766469
-0.16866322339069
-0.33894127446586
-0.716751776966423
-0.386267296698425
0.936265946935954
-0.364798152364423
0.487035920518031
-0.563616140409503
0.337292570855755
-0.629888803091196
~
-0.19566903105153
-0.355955195916361
-0.194943263828328
-0.436341899776527
-0.716451082970526
-0.383782437391681
0.913491516369516
-0.360964139977972
0.209187607081869
-0.435793604967228
-0.0255804077874062
-0.460736767481434
~
0.0764082638524263
-0.539006693445113
0.015162849875869
-0.358510282644146
-0.71189502538784
-0.399350909084663
0.901333770361555
-0.341391443352289
0.189598758239391
-0.445346432879099
-0.0476463056305573
-0.47999809979403
~
-0.00436331156275674
-0.799554777490143
-0.0360228369332121
-0.569259576658342
-0.70226039411377
-0.413037954410633
0.906310138900818
-0.319690211707597
0.163613001503503
-0.347390621901338
-0.083952710962269
-0.356624091965917
~
0.0875430529415781
-0.603443896929922
-0.153694698333955
-0.538693025639353
-0.69747368129188
-0.43687505618986
0.898649035077326
-0.295908573603029
0.168338083427888
-0.230595214361636
-0.0750989451614689
-0.208824094614505
~
0.22605143527495
-0.608361983165835
-0.0202303687776115
-0.555546054802393
-0.69276552539805
-0.443988918377064
0.872278234967763
-0.285745945023513
0.169931748314672
-0.495187972420454
-0.0641837323698813
-0.565001981552768
~
0.0760510845301104
-0.306432955371108
-0.068453542119699
-0.363573657246383
-0.71432232549299
-0.462063486559271
0.892098700574736
-0.226204357816254
0.171662548168697
-0.39678559662454
-0.0684828547568008
-0.453646013318666
~
----