@changeAvatar
0.132350668337753
-0.175356663229376
-0.0605782938572711
-0.36982524241548
-0.683935168608712
-0.525839341610432
0.984168531500119
-0.307409813567613
0.543453236020945
-0.353232224263588
0.283319405497297
-0.325949068770761
~
0.179754924077573
-0.166351557456383
-0.0632407648646584
-0.360094274313852
-0.684604293784565
-0.483163294117021
0.971263312502909
-0.31127560327883
0.324069284162932
-0.349188206936355
0.167161648732312
-0.315951649153509
~
0.117372863505061
-0.307628193596813
-0.0508838010394314
-0.364837527348355
-0.682724674851887
-0.487785058818327
0.936523223399468
-0.30646350369879
0.275124282153762
-0.349528922259658
0.0924882404853104
-0.280134697328538
~
0.127265685274329
-0.307820534655527
-0.0663212460853008
-0.366935464624629
-0.695933730323337
-0.482063556583552
0.942761357260263
-0.308639476180763
0.200944456442675
-0.374263846656646
0.141361792547152
-0.316145469109366
~
0.12964623174233
-0.308236895138066
-0.0636395462719238
-0.368992208361737
-0.696271741742649
-0.481792396628209
0.946951273670874
-0.311960417838574
0.201030573440693
-0.382072795758903
0.126159125741572
-0.302798389431106
~
0.128526892320928
-0.318332307127007
-0.0679934367675954
-0.383113347193764
-0.705985549393494
-0.491481747791108
0.933323275835423
-0.312413813500252
0.277608458359486
-0.366946858400513
0.0925808068623677
-0.297570628115806
~
0.114574222761243
-0.48330857613436
0.0858121960605832
-0.437326524137488
-0.614219602184688
-0.464431502845236
0.910555335317431
-0.266669746228921
0.144776755409408
-0.236356790637582
0.0981285196040617
-0.452707505507383
~
0.209404167919529
-0.608524888282018
-0.0121756304391475
-0.560078067636342
-0.676914933410048
-0.414737611455885
0.89943970593829
-0.266945903881943
0.262405420308895
-0.553005694628393
0.0852507814642193
-0.604360680070062
~
0.179822159657257
-0.173589556458472
-0.0465454393074141
-0.22332769296359
-0.725648236201426
-0.372542172294432
0.924203997528817
-0.338582312922708
0.187131096606619
-0.529999300918085
-0.0842543671407625
-0.578890081021095
~
0.124730788129468
-0.477604651592739
-0.0783857699256702
-0.458258397593094
-0.687735397681999
-0.400219658798701
0.85887976183748
-0.33785401528513
0.129140811521577
-0.415938207368045
0.0444574098488062
-0.430254946291819
~
-0.25203728212972
-0.619289825043951
-0.37549311426065
-0.548237327065848
-0.745860610653442
-0.335079810153046
0.945593607438933
-0.285484930804957
0.206179855216083
-0.438683554173775
-0.0402913572273735
-0.489749769622879
~
0.0882338463327906
-0.705787565520101
-0.115204339363851
-0.626448565263712
-0.725518806532649
-0.388431570114615
0.824717275327758
-0.269099671209158
0.188310439887246
-0.0848461128582088
-0.0238252318736748
-0.0234282750614134
~
0.18048404232775
-0.643829420291266
-0.0465363202836314
-0.581893290302457
-0.727597318381831
-0.396084922770019
0.834460623704846
-0.260493574739958
0.186653253880034
-0.109562921465024
-0.0292825211055792
-0.0592526887507214
~
0.185730533218026
-0.533026347595838
-0.0443721619017841
-0.498890849190518
-0.734680202284907
-0.396484376462713
0.882133852561031
-0.27339762951338
0.194696829703661
-0.493697288948239
-0.034448859574231
-0.567130508759858
~
0.125082712341473
-0.409059086803442
-0.0646667217484967
-0.399388972454035
-0.740412325575733
-0.391200960660749
0.898761912162927
-0.29483953713527
0.178134274534094
-0.305123011566146
-0.0620749831453645
-0.308550836376438
~
0.465501153343398
-0.477187811572224
0.0410140545677401
-0.426251110786919
-0.692679522013987
-0.370941167678089
0.914761883451934
-0.368440547614123
0.259674372933088
-0.577962863073401
0.0413118619359273
-0.647803634893161
~
0.055929877797381
-0.203643904093213
-0.205146671134533
-0.239255345484022
-0.710023223042183
-0.369243345134745
0.92643671023882
-0.398568502886836
0.241304350222439
-0.592673968180014
0.576499198602909
-0.569176167413451
~
0.216483168218668
-0.319340813720188
-0.0385693438825096
-0.327152178522083
-0.714053020646058
-0.366187929458924
0.918951311268091
-0.409210128213182
0.229406252056684
-0.592641713985588
0.571861625390764
-0.557678356378941
~
0.10798102294982
-0.540448867886506
-0.0118604454904245
-0.336138889522989
-0.739816071691639
-0.360746309080335
0.90774550802799
-0.40080875458821
0.220629884380503
-0.453794554294051
0.0300951180399084
-0.478824373835837
~
0.137387289158672
-0.636763485406352
-0.20285285715938
-0.546610285319158
-0.73114691356904
-0.347945252048723
0.893881472515547
-0.385513259189068
0.241315865639562
-0.573334982899144
-0.111948789160331
-0.610851247121904
~
0.0493042182488027
-0.642851726001094
-0.19365543155219
-0.574310583839206
-0.719710390551348
-0.380362051373105
0.880044046267409
-0.365834434183506
0.203546085270959
-0.176751188300284
0.0103172354992808
-0.17470820958237
~
0.233772204081248
-0.617870889288219
-0.0200323479017839
-0.560720657230627
-0.707077194381398
-0.393786816606846
0.877947139032527
-0.351656515896324
0.466428321746397
-0.300058458271794
0.216447997022875
-0.239724320652005
~
0.0817522957574076
-0.323173623821309
-0.0137691738342621
-0.458893917745155
-0.714949774446816
-0.401929705914349
0.878113836913575
-0.346939280882532
0.415234138255446
-0.376756963380381
0.169093775879959
-0.322730405708598
~
-0.0265793641981424
-0.419523934662563
-0.211041832883771
-0.400373619638109
-0.729276207706321
-0.398080059553503
0.889588822119569
-0.348498267550171
0.413568043228214
-0.398378707851884
0.164956865168273
-0.404401716022046
~
-0.0415020040589043
-0.385210647309957
-0.203850630479326
-0.288603498268126
-0.733155602342756
-0.397095651093808
0.895317636047794
-0.358330388622741
0.485046657227431
-0.525463292051791
0.236009554169326
-0.586221338002245
~
0.0416988334593226
-0.26621116380207
-0.202689347645001
-0.301399284643015
-0.713073667726954
-0.388358045593588
0.917087121497311
-0.321981453675507
0.551238320424051
-0.561019599571085
0.561138830231858
-0.554495221258837
~
0.0847428284194307
-0.329732777766469
-0.16866322339069
-0.33894127446586
-0.716751776966423
-0.386267296698425
0.936265946935954
-0.364798152364423
0.487035920518031
-0.563616140409503
0.337292570855755
-0.629888803091196
~
-0.19566903105153
-0.355955195916361
-0.194943263828328
-0.436341899776527
-0.716451082970526
-0.383782437391681
0.913491516369516
-0.360964139977972
0.209187607081869
-0.435793604967228
-0.0255804077874062
-0.460736767481434
~
0.0764082638524263
-0.539006693445113
0.015162849875869
-0.358510282644146
-0.71189502538784
-0.399350909084663
0.901333770361555
-0.341391443352289
0.189598758239391
-0.445346432879099
-0.0476463056305573
-0.47999809979403
~
-0.00436331156275674
-0.799554777490143
-0.0360228369332121
-0.569259576658342
-0.70226039411377
-0.413037954410633
0.906310138900818
-0.319690211707597
0.163613001503503
-0.347390621901338
-0.083952710962269
-0.356624091965917
~
0.0875430529415781
-0.603443896929922
-0.153694698333955
-0.538693025639353
-0.69747368129188
-0.43687505618986
0.898649035077326
-0.295908573603029
0.168338083427888
-0.230595214361636
-0.0750989451614689
-0.208824094614505
~
0.22605143527495
-0.608361983165835
-0.0202303687776115
-0.555546054802393
-0.69276552539805
-0.443988918377064
0.872278234967763
-0.285745945023513
0.169931748314672
-0.495187972420454
-0.0641837323698813
-0.565001981552768
~
0.0760510845301104
-0.306432955371108
-0.068453542119699
-0.363573657246383
-0.71432232549299
-0.462063486559271
0.892098700574736
-0.226204357816254
0.171662548168697
-0.39678559662454
-0.0684828547568008
-0.453646013318666
~
----
@Next1
-1.23589354634509
-1.32806911979713
-1.11838263953789
-1.146495007558
-0.977033359152635
-0.51310307441554
0.629054235356942
-0.97356038036582
0.875255871091048
-1.5872642196358
1.00030686431479
-1.86716597890117
~
-1.24244854821381
-1.3252872366092
-1.12477714488483
-1.14346554490217
-0.984771537303859
-0.509310196168909
0.622834109742989
-0.982848087927168
0.878725282812874
-1.59320306032264
1.00265416969478
-1.87420979153958
~
-1.24061180105038
-1.32411101412656
-1.12310883089853
-1.14254941359063
-0.98207175736661
-0.509813544066665
0.625214657917357
-0.984747941722571
0.866994752220537
-1.59956740861776
0.995438392036604
-1.87893466435928
~
-1.24314505370508
-1.33414489831111
-1.12537948639552
-1.15217738225619
-0.979534336567789
-0.514042251988391
0.629736143747482
-0.992644852144285
0.907597685073924
-1.65408442494622
1.03596986902404
-1.93256580512596
~
-1.24424775569836
-1.40348435123769
-1.12610985033393
-1.22094148291956
-0.982914236109524
-0.516901612083024
0.628342694149288
-0.995594957886427
0.90380233186561
-1.65142701332467
1.03279347976306
-1.93079783741498
~
-1.25315593277862
-1.33248017619253
-1.13548625281263
-1.15066111193339
-0.984238406412495
-0.514922860907373
0.618296700240795
-0.990818887507102
0.888979840537158
-1.65572423204182
1.0256414538084
-1.92997597983764
~
-1.25864201235198
-1.31920985729448
-1.1418555920137
-1.13875549342078
-0.985138611302093
-0.509125132893867
0.600061848492529
-0.980350926356154
0.856697183711837
-1.58385210757414
0.990046419582188
-1.85878795971858
~
-1.26561431839258
-1.32577072970625
-1.14821849838223
-1.14437469589285
-0.993173703775219
-0.511606990357989
0.604319104641777
-0.984906459040559
0.864127782805548
-1.59098454802052
0.996338389622155
-1.8679058189984
~
-1.26178961865634
-1.32320822041647
-1.14507094639573
-1.14285861144603
-0.9836889987546
-0.515928394854805
0.605870138287479
-0.976224680775069
0.864400609973362
-1.59054724564667
1.00003233377961
-1.86413103878767
~
-1.19150061722652
-1.35426950996916
-1.07320612346625
-1.1714850417582
-0.977327428009325
-0.519641619593137
0.658886705452415
-0.979361875297926
1.00592899484238
-1.73072366769662
1.17318155128532
-1.99082883214285
~
-1.15395077548686
-1.37112580696684
-1.03493875087241
-1.18723236554201
-0.980374270186474
-0.5247203370021
0.697048533222931
-0.884108172120867
1.01637283391069
-1.56093633111644
1.19067241416291
-1.79669356083922
~
-1.0408793532482
-1.41408711668549
-0.92543754090908
-1.23571033054905
-0.881509664049577
-0.590242775770795
0.723858041038833
-0.821890960430463
0.958922303967994
-1.37184807078134
1.11900018058163
-1.53060115824708
~
-0.903809178092932
-1.45529078479596
-0.793067183097551
-1.28417594288132
-0.807027349140043
-0.604418425354977
0.618671513547416
-0.724325088608846
0.689349757545464
-0.99823851829982
0.742920802592411
-1.05507500307368
~
-0.829935208631452
-1.44228350984595
-0.722297167984673
-1.27596481028839
-0.720486326110797
-0.671329341336979
0.392200785865406
-0.683216646689433
0.422262010248851
-0.694890047515419
0.456296356432015
-0.577554861458046
~
-0.675695089517301
-1.59053169236133
-0.649312489092945
-1.37815359534516
-0.682408699219339
-0.762825324579869
0.468267620575806
-0.597009685980636
-0.0348965555945353
-0.272147740935521
-0.205013572997196
-0.0935349599298068
~
-0.691222961192135
-1.63164033026062
-0.673103467539442
-1.4142094404882
-0.640940370067947
-0.717596015679559
0.339234697422735
-0.442553165357333
-0.328646465972139
-0.118864133398586
-0.570703192974349
0.0399476198536469
~
-0.591131193295144
-1.76728542251312
-0.611169306223705
-1.51684394073113
-0.586041902400878
-0.763110634412036
-0.0135979710903839
-0.320997090467656
-0.555543768697101
0.00406364219937063
-0.784165980261294
0.0916079395293758
~
-0.577242656180229
-2.04700086459699
-0.610371090621534
-1.74975748561176
-0.572495301125599
-0.860448777028423
-0.0634288559294493
-0.33560031718531
-0.664602833291789
-0.0529322209518555
-0.863367918480948
-0.02213596758849
~
-0.623011882803352
-2.13484160374011
-0.610267001297439
-1.88082981678552
-0.553623092242449
-0.925062629557109
-0.121079392734733
-0.419145656309127
-0.754802930443944
-0.0871093809373162
-0.954003151961289
0.0251542187450319
~
-0.60191285232012
-2.20123128435135
-0.59624799222346
-1.90891919192865
-0.550999125821451
-0.937741639504425
-0.136996127716991
-0.467210245183426
-0.798090920924665
-0.192053927057201
-0.980702511364636
-0.0856053646036709
~
-0.58232586357123
-2.12664307934092
-0.568733629560229
-1.83311448214287
-0.532584464499303
-0.914577702916587
-0.11188459409009
-0.473256703896096
-0.77680234956756
-0.262433706234859
-0.965953253542457
-0.160743771570932
~
-0.568891017778234
-2.0715688842656
-0.55083328907871
-1.79466334299844
-0.514060929442825
-0.896154469612155
-0.0625983905500004
-0.505806044322571
-0.74062910668326
-0.329194826596381
-0.750467402615444
-0.300469895835616
~
-0.748188488496899
-2.47520969529042
-0.760395632955208
-2.09612665602135
-0.710034071329658
-1.09505012129397
0.0111081031113099
-0.66759917614874
-0.839953198193234
-0.553266538696023
-1.16744784318558
-0.522602286239448
~
-0.680358997304097
-2.23657423276948
-0.706224334701386
-1.89188513373618
-0.664878357648502
-1.01749747879104
0.0916698452651168
-0.69021522719416
-0.707741765182018
-0.700378140650929
-1.05380939786148
-0.683405473238192
~
-0.661147594968844
-1.93284749982726
-0.65637327455679
-1.70893581506804
-0.572480456518383
-0.937806369467865
0.416067008163156
-0.687993883968262
-0.391679790846711
-0.876446686526952
-0.711387407083642
-0.917943026674887
~
-0.76770495787027
-1.80830026456666
-0.654217776930448
-1.61686657330097
-0.603580864780994
-0.828830436528949
0.555497403733887
-0.672176457036552
0.0420255942312307
-1.0382195152004
-0.199396645488989
-1.15526589466749
~
-0.640034367436396
-1.6798211358023
-0.668544115159366
-1.47502766189019
-0.638545901462075
-0.794388758127947
0.575279101778868
-0.66766325408556
0.383159866562432
-1.15557571377034
0.214972627787824
-1.32743172948718
~
-0.683131899008327
-1.61946238963838
-0.65639011133391
-1.41250342898362
-0.655322300456114
-0.776841717816029
0.607630244826528
-0.756576322035504
0.527093950136644
-1.38477769189207
0.480854566136846
-1.58261351349543
~
-0.663218249632517
-1.60930687771036
-0.669884096353562
-1.3827067815337
-0.649441640875352
-0.771206233011446
0.677490332475023
-0.801543741755172
0.712541886231294
-1.47405106742009
0.722462201580059
-1.71960193438402
~
-0.65381878350395
-1.59021832264575
-0.678038249662506
-1.37566679264977
-0.668730452787671
-0.77019145498938
0.728526013787846
-0.824619267166649
0.85594272072239
-1.49052268511058
0.948913100654207
-1.75854472182916
~
-0.657143290817804
-1.5290063768743
-0.679673881951321
-1.37191681109567
-0.665926049768048
-0.766684966653759
0.767746684983307
-0.815324033363987
0.932000542885359
-1.48280847179179
1.00747994357449
-1.75102263833475
~
-0.653715192301136
-1.51389502513781
-0.682760852840373
-1.36682225828046
-0.668566757287467
-0.758707893680558
0.773718324767767
-0.816115356314879
0.950972969327898
-1.48831671035661
1.03600466120744
-1.75995799366247
~
-0.64238981263548
-1.56652700979809
-0.682852057817485
-1.36204523020232
-0.676640689489984
-0.754386696970188
0.772314874648637
-0.813622699655632
0.948055517863827
-1.48648640152403
1.02756371616221
-1.7591073159911
~
----
@Previous1
-0.990057303186992
-1.620588198472
-0.831036211291021
-1.48421727817315
-0.610016024820494
-0.835605813590808
0.98749842332747
-0.630322429882177
1.10607409863986
-1.45927749545959
1.10529574437771
-1.68875024006187
~
-1.03510628852002
-1.63635162679509
-0.876953858775927
-1.45256432888784
-0.639103565930021
-0.815727582606309
0.963084760177108
-0.648445660425494
1.05979138282609
-1.37677614218213
1.05902416230075
-1.60295911571486
~
-1.06709080920267
-1.63150780216184
-0.906370864453767
-1.43340631984536
-0.654603483783063
-0.807229854990002
0.923066757784108
-0.676321784539264
0.994434183966287
-1.34469251552424
0.993673173899041
-1.56903083412279
~
-1.09762451447636
-1.63093851488828
-0.944811804240991
-1.42374853265086
-0.696056934614138
-0.834143059848469
0.87566993905724
-0.72104560053286
0.879698304283314
-1.39285868266462
0.864353709733273
-1.61558155858299
~
-1.02752649720464
-1.51616479161002
-0.921081844156252
-1.29842006342776
-0.663375468075601
-0.773481330186308
0.816957093607681
-0.73603758879991
0.798535726113444
-1.39068111596988
0.772671510308614
-1.60671413316693
~
-0.760760890268273
-1.1009330871843
-0.736694379810097
-0.967515045876596
-0.619074324146962
-0.665543454852732
0.743247291174072
-0.729842348315781
0.736058762305555
-1.36064337911527
0.807842688973468
-1.55808710646493
~
-0.42659516579818
-0.807897001093894
-0.565596061112005
-0.761407616271415
-0.690148082540662
-0.567611575871406
0.741605630140706
-0.738432534557316
0.682269110969599
-1.36429039399269
0.706048663117665
-1.57294416003728
~
0.0464611131828471
-0.435245853886084
-0.194064002314054
-0.485389989412879
-0.678556675508791
-0.538462233358427
0.685041081863713
-0.770833591135633
0.636039325044691
-1.40064437280806
0.622206596828583
-1.52962523931607
~
0.529060266642438
-0.207936554670927
0.327198140851336
-0.288473815501793
-0.276859828558465
-0.509384522509972
0.673023071092694
-0.819882704386304
0.63735750911812
-1.46028123816861
0.610350470125536
-1.68104741066936
~
0.691241095535246
-0.111981299544174
0.507191562266926
-0.207919445207627
-0.135877163346528
-0.459342803531643
0.679717568798197
-0.868612409349384
0.658815389578752
-1.59420333683957
0.616847853741023
-1.8776730181655
~
0.704449135664144
-0.129664856534739
0.458329408644528
-0.229402666652834
-0.183775157722391
-0.53500034805539
0.692720191892465
-0.863864059298271
0.717946403138175
-1.59291212611635
0.690481454042225
-1.89227186059746
~
0.62004238041819
-0.11833969648334
0.542125533599905
-0.165138234418995
-0.077258404310511
-0.493715209757191
0.71599539481566
-0.854976791785739
0.721527147191366
-1.58557976813831
0.722394598890107
-1.85605954275095
~
0.615527337590277
-0.132198438465982
0.511465378817075
-0.198413726259259
-0.118791988176584
-0.533909137067425
0.723355631007864
-0.869564667944419
0.781416536196625
-1.63666099706163
0.782631119028189
-1.94423519352359
~
0.69251753429346
-0.0941819527781723
0.450282541126246
-0.235747529521207
-0.174308094228112
-0.539746007249512
0.704532235627383
-0.845274890086621
0.7849410822835
-1.6086507477677
0.804520082370853
-1.91226894110584
~
0.590843317726328
-0.289346616017088
0.302105595409736
-0.353306951442797
-0.389291086207899
-0.59815961663281
0.698591273036116
-0.850361846552043
0.810978808634982
-1.61988769932271
0.826947828590266
-1.92391825919509
~
0.492877149055746
-0.415506970879855
0.273149518950196
-0.459349501308376
-0.428582715939738
-0.519860927223545
0.720703912067511
-0.844974945249062
0.8121754374992
-1.51700176584592
0.818100437167061
-1.81213693826211
~
0.306384375617728
-0.654419994638493
0.0416182223791456
-0.676698050768787
-0.590845223152369
-0.595504387232679
0.719625168513552
-0.856709176115466
0.823238827387301
-1.52115544577563
0.830934859095085
-1.81751064529982
~
-0.16822641448407
-0.929984583326532
-0.372587548120765
-0.85902623912106
-0.675207846366446
-0.562951571015383
0.692113383305195
-0.833141660059121
0.769857592929732
-1.45506940662208
0.743134976146769
-1.73863717309122
~
-0.587608899461214
-1.29923926272152
-0.623872273187956
-1.09334671193006
-0.677590375315522
-0.639388487905813
0.754301640560866
-0.831106996773211
0.76507068008176
-1.48214319103495
0.730622246739573
-1.71267478076113
~
-0.877741732055185
-1.55440887831912
-0.825970158666398
-1.30456602863411
-0.685603796406051
-0.75129110947687
0.748407873840735
-0.853562847319007
0.721675187963525
-1.49624733164589
0.684002825756166
-1.74495241631788
~
-1.05890568136467
-1.72334040928213
-0.948829136213226
-1.4470864644661
-0.691139231220168
-0.791521017977524
0.757368485896228
-0.80599837993577
0.689285351005423
-1.44791294495988
0.618436576830814
-1.69823186868034
~
-1.08809416286534
-1.71779070169711
-1.00357609506241
-1.49348062970097
-0.712244191630823
-0.797596359095159
0.744590357286679
-0.781045014951584
0.627637714523732
-1.40566381811123
0.569999258421898
-1.63770667253429
~
-1.10622999800096
-1.74607182631799
-0.999882706282987
-1.50657578766393
-0.736727803096602
-0.827642669301448
0.727953403149853
-0.76095848996759
0.592719687250366
-1.38616742966288
0.470515882466158
-1.65475805117852
~
-1.06142715588355
-1.77580588782842
-0.968817737262326
-1.51156747784233
-0.712477468418948
-0.824867850351893
0.721226976980984
-0.749412093218888
0.563332391009756
-1.37474709385453
0.447166947905191
-1.64831765698671
~
-1.00304221117789
-1.80340356538855
-0.917757165188883
-1.53960772927604
-0.678968764610808
-0.853118595454382
0.717008390069162
-0.747940106067125
0.558200411412312
-1.38298277140613
0.438679548043611
-1.65816247070673
~
-0.925459028155315
-1.87822103007629
-0.862195496664232
-1.59300403607052
-0.66229810476909
-0.872094939595226
0.717114511493788
-0.776900203713416
0.529992816153246
-1.45089224742547
0.434756221835925
-1.70444383039929
~
-0.829275007391718
-1.9522038693432
-0.782552874684738
-1.64318103198742
-0.635685576214126
-0.89564591743184
0.726679505369837
-0.802944248801062
0.577218677322606
-1.45933560575071
0.478535616659791
-1.7468597192833
~
-0.747481330688079
-1.94918849028877
-0.722839231535153
-1.64179877127431
-0.605728812661481
-0.903670799075419
0.716957520990245
-0.81394206601594
0.589436601002251
-1.48368583015281
0.496440181166354
-1.78388884615562
~
-0.699026864966903
-1.87436290364568
-0.689734939100238
-1.60964852587909
-0.602434323285686
-0.917766247220714
0.728011565015934
-0.840919144047088
0.632164436521542
-1.52985238997682
0.549685482043511
-1.82557935503427
~
-0.707668026347869
-1.84682811529503
-0.674800005265051
-1.57501372987752
-0.592535510710913
-0.883344156944103
0.735833376402701
-0.851043983839574
0.660312056830661
-1.54910500249432
0.5901470488467
-1.83890060070771
~
-0.731787555717583
-1.84988594260961
-0.685869868895227
-1.57811818018735
-0.604730210732993
-0.882390671752057
0.750912979382797
-0.894007355841118
0.690256043641852
-1.59543135612012
0.635430872155182
-1.88094461616745
~
-0.763084486056962
-1.87342382042451
-0.711514837438117
-1.59235305500799
-0.601938481589892
-0.888967546050173
0.773596993954896
-0.913092599278983
0.72606933052373
-1.61163977630519
0.682543936645408
-1.90000792188495
~
-0.795290630402302
-1.91220117840182
-0.759273560836822
-1.62185647785334
-0.597015914827728
-0.889116281548499
0.807101297929987
-0.910289788650048
0.772290370745736
-1.62059697416256
0.731522144163151
-1.90911459649851
~
----
@Backgrounds1
-0.985226558775981
1.12374527111134
-0.970852064833552
0.86524068566442
-0.979959734449707
0.368538084439884
0.920274126646034
0.329786915154886
0.898000643789903
0.85042565072279
0.888995789089603
1.13409369146437
~
-0.685093529068733
1.18069856622952
-0.760872574893931
0.902369546084303
-0.874580688321556
0.404865253265818
0.842374930248719
0.375573493689504
0.598055120738059
1.0555390028679
0.576835549379837
1.24889378641146
~
-0.439740183606222
1.15021112185469
-0.548422182993359
0.909238257061034
-0.815618721955905
0.415965194778722
0.771798121804887
0.374219329407466
0.449647867085848
1.04352574528086
0.319228234108835
1.19094037852994
~
-0.354514449165603
1.09965567669442
-0.500531685004878
0.930525225825445
-0.758102947493489
0.454421500838231
0.745972179498024
0.386463343749041
0.244252087727174
0.986949625778987
0.264570027539009
1.18624272777333
~
-0.335978910351399
1.09091830240588
-0.469906870100407
0.921984233219425
-0.752352933304686
0.456979775950736
0.737005083765008
0.389691344832388
0.235647223814988
0.989454027487874
0.227834795935326
1.18927433121749
~
-0.34197980200441
1.14552137773071
-0.495224466114688
0.924906491146537
-0.762113121794467
0.453087769331418
0.739896907258181
0.387201722612875
0.359314421608437
0.910152000004258
0.211380626311569
1.10640352934038
~
-0.614516367290431
1.12212605226901
-0.698411849160372
0.932183168904808
-0.822907107926273
0.430986295068558
0.803884703607444
0.362103873548146
0.573153430909993
0.857981364480972
0.468843351923976
1.10555930083673
~
-0.88895357599615
1.0714560224061
-0.908442833344359
0.910669611641599
-0.919213275801893
0.402454692496768
0.867883258028343
0.354295799405625
0.794900514554071
0.880925378368599
0.731013530753508
1.13869673822077
~
-1.19154454228153
1.02324135378544
-1.16750185972387
0.800107294069962
-1.01040118705875
0.334856320061468
0.968441326424171
0.293238742839873
1.02452382034338
0.810715158117164
1.02307962507085
1.01944066724892
~
-1.47407470102885
0.87620029192555
-1.40806539530593
0.724490198014408
-1.04132965313567
0.281539014560789
1.02188943531435
0.186369971240224
1.26407633082584
0.608044171923055
1.31349810799881
0.793527755037927
~
-1.80212611003179
0.705980180262203
-1.57697423820912
0.51884057563043
-1.16480515703027
0.153383527385258
1.0724595445292
0.121832899216879
1.42341216908616
0.433384019146041
1.57399351571885
0.589485407296627
~
-1.93157934080326
0.441872634349797
-1.7029911477081
0.344418212505812
-1.20787560789163
0.117041359482604
1.08745494989377
0.0385382158245445
1.52353287375193
0.206616697452539
1.655896138475
0.281604907198434
~
-1.99234182787378
0.224623648500017
-1.74686149889956
0.135240425772178
-1.19977998585218
0.0549410373789515
1.08879333805486
-0.0194769723819772
1.5754905390441
0.0261375170077556
1.62053671266961
0.0723471048586478
~
-2.01027084387369
0.141084749899926
-1.75259650657189
0.09020660271375
-1.20001515013122
0.0232621153465076
1.09148162154797
-0.0379005944747525
1.59169360442334
-0.00068917957993775
1.76188024136893
0.05795561137581
~
-2.00304457460943
0.174534581994826
-1.7481599560648
0.110998286663049
-1.19975476146397
0.0243592959338693
1.09529534876203
-0.0391322180116488
1.59871056439026
0.00372690728317958
1.77163798815716
0.0478292422461369
~
-1.8843371277605
0.306115638916832
-1.69562087637174
0.274708401686759
-1.19368529395362
0.0613549389946276
1.08169259997736
-0.00745993666729729
1.54278471152027
0.142839546615387
1.78436716116345
0.191004942970066
~
-1.85643923214367
0.575962172171395
-1.53361479535373
0.385963137810441
-1.06821823452017
0.138409033897259
1.06734216420121
0.0628382381737412
1.48015983103363
0.294177071138933
1.60816571072152
0.337160672156482
~
-1.711331001471
0.788936360994949
-1.50358908553341
0.624768568068537
-1.0741039662987
0.233243899914412
1.04910615932806
0.155250808677858
1.37642596764766
0.499762510000724
1.54968124047199
0.624622023950391
~
-1.3630982797164
0.911049924378103
-1.25411677354015
0.741003687608098
-1.02879654725056
0.291310924270428
0.984767141032914
0.232056117633787
1.20669138415103
0.682614597705092
1.28549656137435
0.805255770459472
~
-1.04138091204572
1.05716976786622
-1.01120446879568
0.824875036513291
-0.971809079633191
0.356630686270689
0.922622872203473
0.319573581023066
0.983137668743521
0.807601102877539
1.00772446565516
0.995688805147709
~
-0.666014247374645
1.10168261131854
-0.737325428167943
0.887489952520442
-0.869326658391209
0.411435638122108
0.890743910373361
0.31907594998459
0.763348046810384
0.831751805168746
0.70866846004353
1.11486300225429
~
-0.410731142187735
1.07630637064473
-0.527903258418454
0.867061672600671
-0.788610909748901
0.417008250814383
0.802122182412514
0.312820868035784
0.581147104272042
0.830113698467222
0.457482644471473
1.0919109143025
~
-0.254922184370739
1.11784958637282
-0.362967586947154
0.948966443259812
-0.715095857326567
0.451502960820955
0.745186117489037
0.354200539249449
0.446204932073909
0.814209658434968
0.365393244027866
0.982411889394971
~
-0.227650354660981
1.10209212575219
-0.326335812709827
0.929586891411732
-0.715492906777161
0.446338343386585
0.725052013554217
0.362950022914028
0.411959653382476
0.809923883759415
0.215743526273962
0.994988295440739
~
-0.345999571552113
1.09480410879538
-0.477467260580313
0.924496706371021
-0.713567706990295
0.450560130655931
0.731483953247893
0.360905624658946
0.429309886891577
0.818829070447411
0.242566378335466
1.01404264573378
~
-0.550372672317936
1.13119339638167
-0.642918696635938
0.923774287228823
-0.797272818325598
0.431394492452464
0.780523924178169
0.341533226960125
0.585010838044176
0.835392107345048
0.480454683394101
1.06633917055605
~
-0.828521690477658
1.14614920855249
-0.878674008415929
0.902148116387867
-0.926964176423058
0.399279514441255
0.920742926794906
0.268660885363865
0.823696864683698
0.821817494279263
0.75604020913505
1.09524737564416
~
-1.1490843200216
1.02551325473295
-1.12401609837636
0.792540445208261
-1.00075860243397
0.318445435425189
0.957436577626897
0.18974310018097
1.05150808006227
0.744657028643781
1.06003203611844
0.925562737515047
~
-1.4276193425893
0.861959553179441
-1.34721353924317
0.701346980058644
-1.0532455614579
0.255466813148181
1.00822132376367
0.129562009082829
1.26303029410011
0.504113556680001
1.33509695938282
0.661373224999239
~
-1.74644392488327
0.716849914238095
-1.54956315996735
0.541559448301397
-1.11413841043796
0.168290779987115
1.04433352315825
0.0817093774760565
1.42652587842262
0.310451783872301
1.59855587791296
0.47102010718254
~
-1.87137245550552
0.488171659431836
-1.64181354660633
0.366706897732532
-1.16048340121115
0.129345390449085
1.04699271822223
0.00839584094326857
1.4954959233596
0.130897234405372
1.65056873227938
0.173930122911046
~
-1.9241176111215
0.317880130464828
-1.66370740874935
0.279451611052677
-1.105425555338
0.064582105650843
1.05684359777066
-0.0451975416613421
1.6049815226642
-0.00413663683518253
1.85366812514873
0.00890100921965476
~
-1.97903611577184
0.286270113069407
-1.72446128555821
0.230446177862762
-1.20043187040559
0.0654018516268585
1.06246901794409
-0.0586071105849751
1.55587344531886
-0.0523662494325723
1.80723884806919
-0.044756687587359
~
----
@Next2
-1.30179848009513
-1.41634476781865
-1.32780343544474
-1.10197129721032
-1.09307748693461
-0.439355642470489
0.617013339716554
-1.07441095842495
0.881883362008277
-1.72643387106223
0.991428900844952
-2.02210718778355
~
-1.306025354971
-1.40040078788782
-1.33183122231609
-1.08843440175795
-1.09021291952796
-0.433447491018527
0.607854355985861
-1.0652562251706
0.871317008912143
-1.71201953039544
0.977620983306159
-2.00609282304446
~
-1.32205107464376
-1.38769737506943
-1.34777348088959
-1.07673994967408
-1.08773528237143
-0.431945784914206
0.6054141584973
-1.06485246943261
0.868720237665466
-1.70876973856736
0.974757140992256
-2.00167216654783
~
-1.3237414459534
-1.39333299710964
-1.34950450142807
-1.08188420721149
-1.08275577290407
-0.437936862974335
0.604948028587478
-1.0652972419311
0.867496042094007
-1.70814839778549
0.974924750168643
-2.00072973540209
~
-1.31104032634255
-1.4708954013803
-1.33757220356524
-1.1501522851521
-1.10344221648542
-0.474269445854403
0.622574354607665
-1.10447564535364
0.870111431671737
-1.75740256559976
0.899837202851121
-1.97187537892414
~
-1.31453887803723
-1.4467980455857
-1.34081450168254
-1.12915290495159
-1.09987932146704
-0.462132887370125
0.598777767971848
-1.07482995836
0.795543670276595
-1.68646032531664
0.910396674680869
-1.97040917595027
~
-1.31423624040559
-1.45960082310389
-1.34077498968883
-1.13877481982316
-1.10424578478888
-0.462332950475831
0.568562192101011
-0.944365385548493
0.689256704766104
-1.57447547480706
0.774040767342288
-1.82643193533638
~
-1.31171734194945
-1.46774061323498
-1.33823788544746
-1.1471347669463
-1.1015276699681
-0.470394771443009
0.548734625508797
-0.861531038017012
0.511852051555845
-1.30590950400295
0.535953348677237
-1.50836624632894
~
-1.30845953483481
-1.46262883290099
-1.33485344966128
-1.14355318910524
-1.10031813059034
-0.46972488066103
0.496915902252702
-0.779944779729186
0.271195756581089
-1.05826189343885
0.303921756373222
-1.07007933937527
~
-1.29094496049947
-1.45337616986352
-1.31722030851523
-1.13573427764086
-1.09426897705326
-0.461500400495521
0.479919549908189
-0.72456018772295
0.0998842555219172
-0.807350184048203
0.0314815542254925
-0.765212817025781
~
-1.27405573650139
-1.46692497730044
-1.30033306381949
-1.14925846158856
-1.08944319327132
-0.472911680663445
0.213891322660999
-0.622779289747745
-0.299282919447547
-0.381944796282563
-0.421683992005496
-0.264883053291385
~
-1.40117310104834
-1.58040175302763
-1.42952932852682
-1.23760335702588
-1.17789417203609
-0.518069129717905
0.149670858839802
-0.580901070553128
-0.581386548107669
-0.00316717049088565
-0.781233673125402
0.167980076351156
~
-1.36638291769568
-1.55741413424266
-1.39430244571247
-1.21989482305145
-1.14075425028854
-0.514783547139816
0.0707920551704082
-0.488263665153765
-0.516691389427645
-0.0526384423375467
-0.734638282017343
0.204574902479422
~
-1.3019579899713
-1.50613952233108
-1.32891598176178
-1.18024528157289
-1.08484005070699
-0.499376325036144
0.0733717349957616
-0.456225475384824
-0.509275540922753
-0.0187433976246216
-0.719715798258537
0.229610841508471
~
-1.28457987840258
-1.53083671691436
-1.311626488349
-1.20387172572214
-1.09423488087992
-0.512382338978688
0.185747628703711
-0.591070257654372
-0.47170522430992
-0.261115445641875
-0.682837017554643
-0.0119450812016956
~
-1.29937721611524
-1.54897849098116
-1.32657176917213
-1.22022404302189
-1.1033140048041
-0.523452423420384
0.189571793812381
-0.596691662013526
-0.468937971424069
-0.257928520875143
-0.681225219344028
-0.00739441075472666
~
-1.29661887513129
-1.54697904845086
-1.32371614940703
-1.21940081501968
-1.1067210049217
-0.521572180701955
0.192653880993787
-0.594989308793647
-0.463243970545349
-0.256993561667767
-0.674771769429606
-0.00735576801031757
~
-1.30321859532181
-1.55281627560062
-1.3303252358601
-1.22512369423419
-1.11108863411972
-0.528375861992515
0.20913108496644
-0.598821203285625
-0.451694513042958
-0.269451163834593
-0.66329619278282
-0.0197262837272476
~
-1.29870222019357
-1.65380889514461
-1.32588896018882
-1.32514915703727
-1.11578249329963
-0.529731954045591
0.218731692629384
-0.605537880709824
-0.438019204150548
-0.263401016881918
-0.650245534028208
-0.0129393565930906
~
-1.31249379707062
-1.56783070131409
-1.33972285361144
-1.23865951464614
-1.11578889827001
-0.534619655173642
0.224958102436331
-0.608196938682036
-0.429660946244257
-0.259550375102953
-0.642217437461388
-0.0086990498336856
~
-1.29468544540724
-1.57644480054436
-1.32197872108634
-1.24649781468897
-1.11658038410075
-0.537506047444619
0.221767348752918
-0.609671639209459
-0.429973146502629
-0.251875681809847
-0.643030679961614
-0.00043312605077304
~
-1.30512504986237
-1.58215694455728
-1.33253874513352
-1.25075422414252
-1.121032430011
-0.540090925230403
0.220561832383748
-0.612648253697922
-0.429964413917709
-0.246405094884512
-0.643961969839136
0.00614698860526353
~
-1.29565197457779
-1.59938329169203
-1.32318265588693
-1.26656624450607
-1.12483425231821
-0.539452493715414
0.218395631923436
-0.616154907569673
-0.428491872746731
-0.237081658085399
-0.643402542617095
0.0165483326034744
~
-1.2956027717996
-1.59166829007501
-1.32314726636194
-1.25868363329653
-1.12397535917017
-0.540187824953304
0.2202211086174
-0.61904451033224
-0.427298899510738
-0.240112180672073
-0.642317860503114
0.0136455960357517
~
-1.28519560002973
-1.58246244688659
-1.31261905819046
-1.25094172973894
-1.11927967900572
-0.538370838727112
0.21998090867278
-0.617150439692502
-0.422843533865664
-0.236843136359672
-0.636916994391674
0.0157989942389002
~
-1.30040432611165
-1.57499128872001
-1.32778204301807
-1.24402326001371
-1.11574951109508
-0.536247454495116
0.218137750654945
-0.618686210225431
-0.419600697914534
-0.23230728588745
-0.633317283096193
0.0199137147371793
~
-1.28355900728879
-1.57356481451828
-1.3108910066801
-1.24314923587159
-1.11334675023706
-0.53482187894713
0.216419833020476
-0.621979146717935
-0.392224284505913
-0.193118665048283
-0.605584179039861
0.0586812325956142
~
-1.28060757311225
-1.57039355202642
-1.30789062548568
-1.24056970792355
-1.11175643851745
-0.532500587397657
0.216402023232744
-0.624523217663244
-0.387826638885668
-0.19163167865239
-0.60080454586146
0.0597172581227819
~
-1.28748573160692
-1.55968149919753
-1.31458634044571
-1.23206337237079
-1.10333301425824
-0.53289138174189
0.222546301196147
-0.624448540576499
-0.402676568173587
-0.23337122043532
-0.614230016849066
0.0162967197006576
~
-1.28871455350317
-1.55914445967823
-1.31582963510518
-1.23135105863261
-1.10276530673945
-0.532885636283837
0.219696878830979
-0.624065239833988
-0.408249325672377
-0.236108779520766
-0.619916049457398
0.0136927898030447
~
-1.30075967960639
-1.55596207484838
-1.32788714429349
-1.22801823291701
-1.10421146496173
-0.53424988541747
0.222714008437515
-0.624978589527621
-0.407776924693344
-0.240945662125732
-0.619540701531443
0.00897040869679535
~
-1.29256727449471
-1.56762575632595
-1.31983804371412
-1.23794985958789
-1.10676673170512
-0.537311791891039
0.22993969602101
-0.630362435351055
-0.406011670922697
-0.246830840592612
-0.61889394648491
0.00440523964540867
~
-1.28980188790052
-1.55998852929055
-1.31690673801426
-1.23231839851411
-1.10226660237416
-0.534913323187855
0.234954704702066
-0.63049816007512
-0.39811814896207
-0.251163229101134
-0.609705048239647
-0.00145564845631962
~
----
@Previous2
-0.705862166344458
-1.70000191983767
-0.660308774998416
-1.50109395814741
-0.527146848707386
-0.858817615298235
0.980822665487858
-0.474737766148009
1.10314464067929
-1.12688507521769
1.16179254901449
-1.33195950588607
~
-0.715500091394932
-1.70100484526658
-0.658843401289862
-1.48823401271987
-0.521328968737673
-0.855239642874597
0.986067034452205
-0.573329127261768
1.13027308005417
-1.21858161170308
1.18296624664209
-1.42432097361075
~
-0.733208504131874
-1.72927990760571
-0.665506049654162
-1.47540915830638
-0.518780042231811
-0.862871282319547
0.986848304453141
-0.501866845739177
1.12171969742494
-1.15126123960404
1.17132425080827
-1.35946144527864
~
-0.681158485716383
-1.65045827343903
-0.656649357384835
-1.42728493639101
-0.510808287539011
-0.868908311102335
0.992624477969084
-0.605709237328681
1.16704272394256
-1.25131402202007
1.21515555035167
-1.46194056019207
~
-0.508184782913039
-1.36177920671765
-0.538223481184409
-1.17876976394568
-0.497241540937914
-0.795877753076552
1.01070650946718
-0.508163168194112
1.1511829501583
-1.17089083071015
1.20311796512781
-1.38203908560748
~
-0.289480842852348
-0.894910509039462
-0.379148287533511
-0.921642798525732
-0.615408528955336
-0.684045752696616
1.01052368326672
-0.598461090018145
1.18033093018048
-1.25276426662924
1.23534216791638
-1.46121173734301
~
0.1205344022067
-0.353465656952699
-0.0337655415745539
-0.48042184935007
-0.618031314257843
-0.613181522616479
1.0411851714196
-0.53492900549012
1.16868068977543
-1.21129738345358
1.22729612341747
-1.42174351725462
~
0.330710715015421
0.208484722691258
0.194718660206372
0.0431027613374117
-0.300366677310931
-0.506656899408494
0.984218026885816
-0.528955616792465
1.10264435011537
-1.19101861231496
1.16057545971639
-1.39615947418098
~
0.275316241703603
0.1099004913438
0.218013986315864
0.018351396808935
-0.232989041197315
-0.415048968013312
1.0277490906717
-0.545392766935561
1.16365464515855
-1.23851299806411
1.22503343592647
-1.45379224845103
~
0.258427930452059
0.0619882657009121
0.175491121231997
-0.0365417625668764
-0.260339160467533
-0.581494163434327
1.11216909163842
-0.620507917205338
1.25907275584883
-1.34952374712028
1.3245490210951
-1.57623265787126
~
0.283576806528498
0.0498281303290101
0.199849634408157
-0.0499353053963268
-0.244150458191413
-0.602950109810499
1.1387225427969
-0.648227540911477
1.29498641207405
-1.38904743525031
1.36164988641825
-1.61986670814924
~
0.281555387405204
0.0382188056966636
0.19538509164939
-0.0632488765117143
-0.251837867054195
-0.628507199012485
1.15715065212883
-0.663258054239456
1.31980625742693
-1.41338771454453
1.3873346413676
-1.64720128705262
~
0.294825376421235
0.0698108323233775
0.20270530671485
-0.037176349975288
-0.255345908530728
-0.630529577603631
1.16345023326101
-0.65892131515134
1.30528372509012
-1.41463809846583
1.37280729797463
-1.64843526346167
~
0.292042936505234
0.0515025068146358
0.206464453129851
-0.0509672875771392
-0.261426177493364
-0.630715548333611
1.16230774779588
-0.65833225233853
1.3030719779669
-1.41286468967641
1.37046807626098
-1.64622130800297
~
0.298131744045638
0.048140581487589
0.211049670158091
-0.0586465232701261
-0.263116745955942
-0.629138991998794
1.1609881042171
-0.659161526285214
1.30325676495656
-1.41277948849649
1.37061349725182
-1.64599985722379
~
0.300383826994471
0.0622068386218282
0.210369523725643
-0.0475695180035981
-0.263287520930216
-0.621376868960322
1.12039347221687
-0.718401525139674
1.3311147911185
-1.4609868866355
1.39876580669053
-1.6952260506055
~
0.29528993822238
0.0451652621604733
0.219686611387001
-0.0487732001252601
-0.257864814703186
-0.617665806522899
1.16287755585877
-0.633556516603758
1.30258435970558
-1.39181238603764
1.37018509645106
-1.62587672747328
~
0.302271941030076
0.0483749162110947
0.219099124029687
-0.0545577837124794
-0.254285116605985
-0.618504678226637
1.17034849289026
-0.637616000349939
1.29902223054805
-1.39348988044771
1.36626655449774
-1.6263202131458
~
0.300089651099196
0.0493151790804627
0.219907672370622
-0.0504605697086855
-0.24829065694068
-0.605414680335343
1.16176215300732
-0.626587578678988
1.2878316076688
-1.37577007602769
1.35444247157095
-1.60640737139866
~
0.301839682517218
0.0531527887515384
0.220138621454633
-0.0497931252005982
-0.251375046193787
-0.59962934007549
1.15857874712342
-0.617728884777756
1.28376964516223
-1.36563485877243
1.35027471116812
-1.59590635652799
~
0.274030714803256
-0.0273386415315617
0.245519528690421
-0.086638966802318
-0.252997759606336
-0.593971521313345
1.10881026004117
-0.709647340871104
1.30562260780649
-1.43831398717341
1.37176137077041
-1.66731716345213
~
0.2745826354442
-0.0122572718369592
0.237434476776763
-0.0784136629184098
-0.25478443718978
-0.587294037265784
1.1483708395071
-0.634285877298588
1.27948413153013
-1.37465969313714
1.34545858936286
-1.60309352246103
~
0.292130828244225
0.0115154263960807
0.235153098701305
-0.075466683433695
-0.256761436787915
-0.581848810129795
1.14435072072169
-0.618605472650134
1.27633741255639
-1.35640032921315
1.34207935442982
-1.58402817227686
~
0.292835912338988
0.0169186615922498
0.230517092416849
-0.0755531785963506
-0.258805665968724
-0.578752943268997
1.14031598191681
-0.612738312679444
1.27265775448396
-1.34803708260247
1.33815739602815
-1.57482685705788
~
0.291518984840807
0.0195452728840896
0.22490299713597
-0.0753786999268903
-0.255694282958484
-0.580023173327973
1.13047528254879
-0.604607234272361
1.2675368235486
-1.33489976269372
1.33268227212307
-1.56046290449081
~
0.259396406005545
0.0235462369127814
0.19571334686015
-0.0651012223618813
-0.263209367574198
-0.561120691324847
1.09038648465213
-0.582454352733845
1.22246531963989
-1.29413504123513
1.28591861765617
-1.51383890541163
~
0.264436806639091
0.0296427273463464
0.196699323028349
-0.0616824688307323
-0.257504716810602
-0.562587482765333
1.10515954998396
-0.576231110827895
1.22745402056037
-1.29086473959624
1.29100475654271
-1.51090581888375
~
0.268666625826181
0.0270361823007865
0.202628773175845
-0.0628126223872047
-0.255290057320414
-0.566084924354735
1.11494003738202
-0.578552831184864
1.24007950265078
-1.29687461759242
1.30396984932483
-1.51809202678359
~
0.257281353671966
0.0211146530623222
0.196523505439451
-0.0618370222558184
-0.254819713664093
-0.56334809495354
1.10268391173925
-0.690144527651491
1.26222161516767
-1.39984827445031
1.32592695585451
-1.62042491351477
~
0.261901228623009
0.0298160013630478
0.19609795084724
-0.0583373239715886
-0.253924650646905
-0.560365942692902
1.10966857005046
-0.582255805064588
1.23103795956399
-1.29645096978352
1.29454049953342
-1.5163250482127
~
0.266373803569584
0.0362100979951892
0.192382984465747
-0.0592690632204336
-0.253854075205602
-0.568510415749522
1.11769809062434
-0.584389369239325
1.23631528222483
-1.30255738993183
1.30012444933293
-1.52349341422246
~
0.255774927391243
0.0354864056934172
0.18354013620419
-0.0583033156156198
-0.257664198386642
-0.558843396894679
1.07932089477831
-0.698537825242594
1.23962162131701
-1.39730247385127
1.30242192086548
-1.6147450997555
~
0.263616326605226
0.0322553640078683
0.190671569586799
-0.0629659015726752
-0.255769631249686
-0.566196346819824
1.11044880205161
-0.543150148661516
1.21379893518907
-1.2574983958301
1.27708564751243
-1.47662550277241
~
----
@Background2
-1.45331310996702
0.929295246293911
-1.29548301604058
0.728652293130975
-1.05378412935476
0.263409244085849
0.832313362472481
0.322062364053241
0.64790699666003
0.864790374645443
0.630873038787712
1.08280026593336
~
-0.608767027222048
1.0165321773713
-0.704773051310121
0.781287617191508
-0.912140216455586
0.317107391918286
0.727218621444501
0.346408737959749
0.294721474696998
0.723434033801142
0.304134831782525
0.891870029187118
~
-0.650903876930732
0.756791014450065
-0.574832823418753
0.765103827240341
-0.91527849001545
0.342191116278505
0.731089809382124
0.378188441949925
0.277138166215972
0.74426795066641
0.332287351957821
0.88143073451441
~
-1.04200584138112
0.812485895305581
-1.00913659640704
0.745717173705857
-1.02110275979916
0.241216678855693
0.836326237120936
0.312912001593325
0.608770748593373
0.854050052654435
0.589445711826163
1.03955547560573
~
-1.68007331197735
0.750766396666708
-1.53191912027427
0.537848412690271
-1.14411278306519
0.127968392609352
1.05282494529301
0.149420104613857
1.20040133695072
0.575432146601905
1.26022188114914
0.682967840454017
~
-1.760797348829
0.584015090079575
-1.59057986648388
0.457673236848011
-1.14157365386523
0.105651262796193
1.07952373312289
0.0963453462591864
1.29237306656295
0.477678355784322
1.37677910572255
0.560529786028423
~
-1.45012507214173
0.920062832578742
-1.3247548597317
0.728291004193625
-1.07042810240607
0.244700760300776
0.920122334610322
0.254501210767674
0.885267400445064
0.777040401300344
0.782750437442265
0.935051132994441
~
-0.645722584192066
1.07779597401884
-0.73380520065904
0.91661389405635
-0.898962787244284
0.355442169352442
0.722636409145685
0.362300852506372
0.420126029450196
0.831221064793747
0.317756469152889
0.989004666799591
~
-0.37417162438608
0.835948614531076
-0.528869773245144
0.710644808027062
-0.856562719643486
0.303153248818055
0.705757625869719
0.382329704678837
0.164260465469158
0.658968824249179
0.06581336738463
0.810706735135976
~
-0.76631721232662
0.64290379690698
-0.770292311622117
0.609238517883412
-0.879649663301831
0.189306810209066
0.594117884200878
0.369278281846511
0.255920871103196
0.695927314157261
0.299233150588234
0.781988409637433
~
-1.57613558359069
0.833295773568432
-1.40256948207631
0.655544457800615
-1.06178097802943
0.159009421872112
0.978069503561256
0.167487388658183
1.0068641832584
0.634503280465401
0.977726077304415
0.814083579436248
~
-1.79976651008854
0.498185257737919
-1.65009807319691
0.399780123682463
-1.14743257979708
0.112720986565845
1.0696708246942
0.103875401852614
1.30172398622865
0.473927683637112
1.48579408195781
0.557571979154104
~
-1.6825527502658
0.579117033941049
-1.57563096872722
0.501188985958902
-1.15070097268132
0.127161659396353
1.04655678763125
0.155932968755048
1.1819093057679
0.591647184496535
1.25171422081499
0.703801727772775
~
-1.25484986306308
0.923276800935296
-1.21082320966947
0.752000784853582
-1.02491057308328
0.25168516860389
0.850496032346006
0.333621643512521
0.646502824215091
0.852359217096381
0.569553583528288
1.04592427403959
~
-0.50471548399617
1.03411239400947
-0.631800723791934
0.818890539122624
-0.887263481416468
0.385141477304259
0.743986604649087
0.349632513752333
0.302015731896282
0.719974272005071
0.22595400264405
0.911306802677234
~
-0.459947076201285
0.841893361091881
-0.536886616452804
0.774337160484828
-0.890337007318488
0.386070865342868
0.742401542201762
0.364674933427621
0.316359047017277
0.758137095396392
0.240363099160216
0.949304153616994
~
-1.19701053601227
0.826814015571338
-1.16450135896695
0.649972649143573
-1.05792999025269
0.173720122951742
0.865234128292483
0.288467405253228
0.720348310211181
0.777231002070169
0.638674347984951
1.03374043841151
~
-1.7396698386452
0.714766501299828
-1.59489989359755
0.526993816898307
-1.15810395408431
0.154479254699201
1.04995567437279
0.0972467442333586
1.25235439539701
0.482651315424167
1.34497323971587
0.590710797483289
~
-1.66140492769903
0.848943776578631
-1.48032102792799
0.681212733321248
-1.12223591868091
0.188224912403839
1.03852571804042
0.0744776392567504
1.08087519556918
0.532689412585597
1.10106983438974
0.650682202665233
~
-0.96445011423351
0.949451994889677
-0.955708939798091
0.892920443379394
-1.02889469505386
0.376347534374586
0.795678061264988
0.316928121630372
0.56168746373793
0.851003830370657
0.557228562486782
1.03632251898344
~
-0.421870641237709
0.987105603977337
-0.530093948899667
0.816573063375131
-0.840472340493756
0.395540277765154
0.67349723590099
0.365849698805372
0.164612822350851
0.743986710111952
0.160293207816662
0.923516431830374
~
-0.559316156265228
0.727454259492437
-0.594062731447934
0.654537570667683
-0.85718983664351
0.264878947771464
0.441374119496838
0.440656375215096
-0.0098719982945275
0.638589060006801
-0.16028737629747
0.704566621604037
~
-1.27578328652891
0.88214844259755
-1.21563396320708
0.6766955992892
-1.05370176828246
0.19452603882592
0.853784966375419
0.278810083629223
0.679609239873499
0.804516839327743
0.596155649668549
1.02530299717062
~
-1.75619789260575
0.63416307087989
-1.61237666308996
0.476708589332795
-1.16448591713231
0.120595645620052
1.05338616145887
0.0455860102474192
1.25267060063987
0.440928675927655
1.33244098402192
0.559414525993575
~
-1.74892473407912
0.685926479674114
-1.59012152903351
0.493683807042867
-1.16904141229489
0.113476924295996
1.06447888958055
0.0465064855416223
1.25222586482983
0.436083871203021
1.32437249665076
0.552032617395515
~
-1.24710037702261
0.912748824425662
-1.18160808291395
0.708300572797728
-1.05154137935343
0.208189434753455
0.898416839536258
0.229442518548869
0.763449702773871
0.805018079084407
0.746126236174981
0.988478439092353
~
-0.536134422149028
1.06079675601218
-0.61577605271786
0.894397070445634
-0.886659894619234
0.389855953495123
0.753738492144092
0.305779614395974
0.316023608748005
0.760206295777688
0.286999020683644
0.952091231011379
~
-0.427285748258409
0.955202001517597
-0.543676710618837
0.778607301789748
-0.920738172472908
0.381930618470649
0.761569817451607
0.323186962133313
0.220255867038252
0.723930066252497
0.19074357251376
0.919039285748473
~
-0.976397705064534
0.897809035418224
-0.955243174036042
0.775251475314379
-1.02224656001185
0.274018586466324
0.862935843311276
0.2572041317571
0.629485362145299
0.725653805905547
0.589487281012971
0.974335332840983
~
-1.6680711777508
0.809899024606622
-1.51208437271195
0.605630253683301
-1.14434212040236
0.186746832188518
1.04091616740863
0.0603191279329435
1.1944342703067
0.456503326038457
1.26353963622593
0.585802886960477
~
-1.75411505507699
0.685361263209237
-1.59582201981106
0.52161537954335
-1.16134853589266
0.15824405256795
1.06159355744951
0.0540560256903428
1.29311077459599
0.396746674751857
1.4525810705377
0.513819284191968
~
-1.36608820695214
0.898168126706781
-1.31888312881143
0.71499155796849
-1.05875977533709
0.224337485342791
0.953809956379918
0.212405844153389
0.953856222812587
0.679142682260873
0.891712033166803
0.8431205077482
~
-0.681680074271031
1.07287646146669
-0.766858769873798
0.917336063000862
-0.932339154221675
0.350743506471296
0.774343101643706
0.321133473937478
0.477255914946584
0.825854823438616
0.447005590235551
1.03844574892386
~
----
@Background3
-1.2892644389946
0.905548741574616
-1.23327366981729
0.699379999813246
-1.01950588308336
0.211238497842459
0.971328175922446
0.0412520504472053
0.955164281017462
0.583619059909012
0.913011335524717
0.877613151407911
~
-1.59967053144491
0.733850217000614
-1.47900563976778
0.558959145711376
-1.12113339083353
0.120142510464982
1.01833476506447
-0.0161593113826779
1.2233395589351
0.376356472131034
1.29253420621799
0.624679916130834
~
-1.87328477810661
0.491637870616358
-1.56728934733843
0.315138036131446
-1.14614481831628
0.0147688824278501
1.07378212882574
-0.0722833619741254
1.39941086376608
0.255364287667595
1.5607812086055
0.433579918843311
~
-2.02566155163317
0.328183380902382
-1.84386985002334
0.259620587001354
-1.25353511408189
-0.0407307047738655
1.09012790385155
-0.0922861738838392
1.48641373476679
0.107483424526461
1.76505761692761
0.278147134206383
~
-2.00899951091838
0.315785464074017
-1.82989013695736
0.243403310490842
-1.16878676423244
-0.0413341398032043
1.08724589204991
-0.103268131572323
1.49112021441552
0.0784335117460719
1.79650437587938
0.20224910093173
~
-1.64920327243803
0.185258059340611
-1.62057693674606
0.236561953204838
-1.15991314399873
-0.0494039345775474
1.08608263939263
-0.101654781949435
1.48650772137379
0.0867442549202188
1.77955204312523
0.25697134703155
~
-1.72678803686423
0.52929553976761
-1.52724894430111
0.323249415393674
-1.12449519786799
-0.001881313374268
1.08520915604054
-0.071758441522561
1.40988905588805
0.216612761122987
1.59879367289862
0.416121903776185
~
-1.56922875627884
0.771247506918235
-1.42859936509345
0.581672095279424
-1.12558019515816
0.0604075523683473
1.04798397781017
0.00508292518190994
1.25385025933809
0.390432856408933
1.36667714115212
0.595363846875587
~
-1.33533935990227
0.938666028867328
-1.2532075110151
0.751360855635708
-1.05106858405544
0.135118642465323
0.967583852762786
0.136860549853609
1.04541406390606
0.587253548305836
1.04402441023485
0.795365404558784
~
-1.00065873114652
1.08030924087158
-0.986540255699463
0.927537224411638
-0.964804951108538
0.319513637974819
0.877875327130176
0.274700429283042
0.738131686554712
0.793229531832202
0.692613342205663
1.02963541140319
~
-0.634515343995156
1.12036299527069
-0.705393975678983
0.920691189393842
-0.879329957696771
0.32836397510423
0.79654118857836
0.276236285424816
0.526345286744726
0.832339226686219
0.489723179370896
1.03244658347539
~
-0.414270598132313
1.11202298198891
-0.517292562125131
0.952282939283392
-0.757571116145624
0.411148886213518
0.757293086072495
0.281956404828462
0.237094210394524
0.815982855142071
0.12812916623678
0.973095775949045
~
-0.362605609147082
1.09020397170588
-0.489061705982869
0.944425889957025
-0.799452564889464
0.401461230065545
0.728834577135148
0.311022992692062
0.184026688848327
0.827444618715085
0.00535318312400039
0.880474675076647
~
-0.387066250202668
1.07958558558977
-0.499897549759884
0.922691812736667
-0.814294403383977
0.396568822782996
0.732432664939129
0.311713751545029
0.187338578380702
0.815542695523744
0.0126494368561472
0.88906420700615
~
-0.544674551533506
1.0892786304828
-0.61726876312574
0.90753551724619
-0.80838947087739
0.395520775625944
0.773992039563068
0.275590132979449
0.276651172421438
0.84771802656009
0.215719740823299
1.02791277472164
~
-0.819151257724221
1.05536843019969
-0.879390251358116
0.785403166543344
-0.999583842672661
0.209403656484057
0.819845731748259
0.266212349404428
0.618353904544848
0.755169411547771
0.521322875503642
1.06287666374331
~
-1.17142465381022
1.0348954766775
-1.1327481324756
0.730327646958436
-1.05318113696082
0.164627966398655
0.901597702138085
0.248898163089577
0.805493867240425
0.813601039144279
0.754636729475524
1.0679485869487
~
-1.49288340988044
0.87068125980245
-1.3755321167274
0.67019268521507
-1.05786181978689
0.149455454267734
0.993051091008972
0.0925913674965369
1.10909706210403
0.595325387683239
1.1128547266646
0.84762892047695
~
-1.70622077094349
0.61108024044386
-1.5055132516566
0.395852483902169
-1.12399419573637
0.0254240075203748
1.04759552602938
-0.0616390333779555
1.32453076977256
0.505203529391755
1.38596095841013
0.658478152489088
~
-1.87092462652887
0.391711051593887
-1.64991729363957
0.265694497394094
-1.15886030281209
0.00821412413046848
1.0760341934719
-0.064920741650715
1.43230095017152
0.288816371582896
1.58518233621302
0.478126583556501
~
-1.91786996654706
0.312484005128282
-1.65554880540642
0.318708910884562
-1.23890896913083
-0.0371014941464562
1.08210106260059
-0.0850534763501793
1.45189512391664
0.223600840056156
1.71309576263548
0.410674307904296
~
-1.88476552884644
0.442153391961322
-1.6604826768066
0.327151380759677
-1.2426659952849
-0.0299259503362652
1.0821038954061
-0.0930414856567373
1.46408440629556
0.19626539498358
1.71212804881462
0.39203765731974
~
-1.83905331345902
0.545724321530178
-1.53972935372724
0.354545315407461
-1.12472056996216
0.00398559390468231
1.08896673052621
-0.0947953319695084
1.42696982695221
0.246640041504854
1.61054872067578
0.481738857258422
~
-1.61706808657608
0.737562316163795
-1.45101245349179
0.518485741626778
-1.11094903910051
0.109330326782664
1.06026197750158
-0.0591705759618649
1.29988764043974
0.496044201434275
1.37254199226591
0.635127204112166
~
-1.39081348848006
0.945495223968574
-1.28873246349997
0.754167539771819
-1.06928781825036
0.132599316645482
1.00800772862742
-0.0552377375798881
1.08227997457335
0.582946740229247
1.08027455274967
0.775732236930086
~
-1.03482976657077
1.08991019294685
-1.00272418475823
0.816360394387392
-0.982047870274129
0.304003854866579
0.943422939425238
0.21180484055163
0.780608883929648
0.766348734276851
0.713860701430691
1.05272432855935
~
-0.621634631253006
1.14509134562587
-0.728968213913505
0.833457873240433
-0.94600174184027
0.263623361649014
0.833339526394475
0.241175518751
0.528669948454272
0.874581315538836
0.505139792828487
1.06593641117212
~
-0.405871368669368
1.11449658359508
-0.508218873127917
0.949912930399002
-0.739931754029514
0.423028873063096
0.783266880694809
0.256909637679337
0.267769389869894
0.835378293515009
0.198527918237456
1.01667154758942
~
-0.356212793480772
1.10325245170785
-0.475249650034864
0.948994165307659
-0.76859657252551
0.38412442991691
0.754340237346399
0.27859751272628
0.224183213015867
0.838392212022578
0.105811364160871
0.993637948884589
~
-0.37975239881693
1.06698357521448
-0.518861149582636
0.845592644059642
-0.776668682371724
0.37387274743317
0.748904535943399
0.278688469037319
0.228067732587651
0.824817919616082
0.120145499105798
0.979302875302996
~
-0.574551521978007
1.04023089890457
-0.68167405735653
0.848876343180986
-0.802251914345186
0.354438081639963
0.758486896203532
0.264389498465902
0.487340092483977
0.740504573691113
0.308257921748024
0.967962393017656
~
-0.841053644298702
1.00209604128068
-0.8910706200356
0.760072502920192
-0.922066585649275
0.259767657297797
0.850009972745203
0.213820812511131
0.639343747802585
0.687957978796872
0.575989404892003
0.969764363065862
~
-1.18909321033768
0.890738200303801
-1.15156786664355
0.65334794361377
-1.00466899433432
0.184498752393478
0.930238939992285
0.156060882323403
0.888439896146289
0.710830683027392
0.861466365931383
0.918207059058904
~
----