@changeAvatar
0.132350668337753
-0.175356663229376
-0.0605782938572711
-0.36982524241548
-0.683935168608712
-0.525839341610432
0.984168531500119
-0.307409813567613
0.543453236020945
-0.353232224263588
0.283319405497297
-0.325949068770761
~
0.179754924077573
-0.166351557456383
-0.0632407648646584
-0.360094274313852
-0.684604293784565
-0.483163294117021
0.971263312502909
-0.31127560327883
0.324069284162932
-0.349188206936355
0.167161648732312
-0.315951649153509
~
0.117372863505061
-0.307628193596813
-0.0508838010394314
-0.364837527348355
-0.682724674851887
-0.487785058818327
0.936523223399468
-0.30646350369879
0.275124282153762
-0.349528922259658
0.0924882404853104
-0.280134697328538
~
0.127265685274329
-0.307820534655527
-0.0663212460853008
-0.366935464624629
-0.695933730323337
-0.482063556583552
0.942761357260263
-0.308639476180763
0.200944456442675
-0.374263846656646
0.141361792547152
-0.316145469109366
~
0.12964623174233
-0.308236895138066
-0.0636395462719238
-0.368992208361737
-0.696271741742649
-0.481792396628209
0.946951273670874
-0.311960417838574
0.201030573440693
-0.382072795758903
0.126159125741572
-0.302798389431106
~
0.128526892320928
-0.318332307127007
-0.0679934367675954
-0.383113347193764
-0.705985549393494
-0.491481747791108
0.933323275835423
-0.312413813500252
0.277608458359486
-0.366946858400513
0.0925808068623677
-0.297570628115806
~
0.114574222761243
-0.48330857613436
0.0858121960605832
-0.437326524137488
-0.614219602184688
-0.464431502845236
0.910555335317431
-0.266669746228921
0.144776755409408
-0.236356790637582
0.0981285196040617
-0.452707505507383
~
0.209404167919529
-0.608524888282018
-0.0121756304391475
-0.560078067636342
-0.676914933410048
-0.414737611455885
0.89943970593829
-0.266945903881943
0.262405420308895
-0.553005694628393
0.0852507814642193
-0.604360680070062
~
0.179822159657257
-0.173589556458472
-0.0465454393074141
-0.22332769296359
-0.725648236201426
-0.372542172294432
0.924203997528817
-0.338582312922708
0.187131096606619
-0.529999300918085
-0.0842543671407625
-0.578890081021095
~
0.124730788129468
-0.477604651592739
-0.0783857699256702
-0.458258397593094
-0.687735397681999
-0.400219658798701
0.85887976183748
-0.33785401528513
0.129140811521577
-0.415938207368045
0.0444574098488062
-0.430254946291819
~
-0.25203728212972
-0.619289825043951
-0.37549311426065
-0.548237327065848
-0.745860610653442
-0.335079810153046
0.945593607438933
-0.285484930804957
0.206179855216083
-0.438683554173775
-0.0402913572273735
-0.489749769622879
~
0.0882338463327906
-0.705787565520101
-0.115204339363851
-0.626448565263712
-0.725518806532649
-0.388431570114615
0.824717275327758
-0.269099671209158
0.188310439887246
-0.0848461128582088
-0.0238252318736748
-0.0234282750614134
~
0.18048404232775
-0.643829420291266
-0.0465363202836314
-0.581893290302457
-0.727597318381831
-0.396084922770019
0.834460623704846
-0.260493574739958
0.186653253880034
-0.109562921465024
-0.0292825211055792
-0.0592526887507214
~
0.185730533218026
-0.533026347595838
-0.0443721619017841
-0.498890849190518
-0.734680202284907
-0.396484376462713
0.882133852561031
-0.27339762951338
0.194696829703661
-0.493697288948239
-0.034448859574231
-0.567130508759858
~
0.125082712341473
-0.409059086803442
-0.0646667217484967
-0.399388972454035
-0.740412325575733
-0.391200960660749
0.898761912162927
-0.29483953713527
0.178134274534094
-0.305123011566146
-0.0620749831453645
-0.308550836376438
~
0.465501153343398
-0.477187811572224
0.0410140545677401
-0.426251110786919
-0.692679522013987
-0.370941167678089
0.914761883451934
-0.368440547614123
0.259674372933088
-0.577962863073401
0.0413118619359273
-0.647803634893161
~
0.055929877797381
-0.203643904093213
-0.205146671134533
-0.239255345484022
-0.710023223042183
-0.369243345134745
0.92643671023882
-0.398568502886836
0.241304350222439
-0.592673968180014
0.576499198602909
-0.569176167413451
~
0.216483168218668
-0.319340813720188
-0.0385693438825096
-0.327152178522083
-0.714053020646058
-0.366187929458924
0.918951311268091
-0.409210128213182
0.229406252056684
-0.592641713985588
0.571861625390764
-0.557678356378941
~
0.10798102294982
-0.540448867886506
-0.0118604454904245
-0.336138889522989
-0.739816071691639
-0.360746309080335
0.90774550802799
-0.40080875458821
0.220629884380503
-0.453794554294051
0.0300951180399084
-0.478824373835837
~
0.137387289158672
-0.636763485406352
-0.20285285715938
-0.546610285319158
-0.73114691356904
-0.347945252048723
0.893881472515547
-0.385513259189068
0.241315865639562
-0.573334982899144
-0.111948789160331
-0.610851247121904
~
0.0493042182488027
-0.642851726001094
-0.19365543155219
-0.574310583839206
-0.719710390551348
-0.380362051373105
0.880044046267409
-0.365834434183506
0.203546085270959
-0.176751188300284
0.0103172354992808
-0.17470820958237
~
0.233772204081248
-0.617870889288219
-0.0200323479017839
-0.560720657230627
-0.707077194381398
-0.393786816606846
0.877947139032527
-0.351656515896324
0.466428321746397
-0.300058458271794
0.216447997022875
-0.239724320652005
~
0.0817522957574076
-0.323173623821309
-0.0137691738342621
-0.458893917745155
-0.714949774446816
-0.401929705914349
0.878113836913575
-0.346939280882532
0.415234138255446
-0.376756963380381
0.169093775879959
-0.322730405708598
~
-0.0265793641981424
-0.419523934662563
-0.211041832883771
-0.400373619638109
-0.729276207706321
-0.398080059553503
0.889588822119569
-0.348498267550171
0.413568043228214
-0.398378707851884
0.164956865168273
-0.404401716022046
~
-0.0415020040589043
-0.385210647309957
-0.203850630479326
-0.288603498268126
-0.733155602342756
-0.397095651093808
0.895317636047794
-0.358330388622741
0.485046657227431
-0.525463292051791
0.236009554169326
-0.586221338002245
~
0.0416988334593226
-0.26621116380207
-0.202689347645001
-0.301399284643015
-0.713073667726954
-0.388358045593588
0.917087121497311
-0.321981453675507
0.551238320424051
-0.561019599571085
0.561138830231858
-0.554495221258837
~
0.0847428284194307
-0.329732777766469
-0.16866322339069
-0.33894127446586
-0.716751776966423
-0.386267296698425
0.936265946935954
-0.364798152364423
0.487035920518031
-0.563616140409503
0.337292570855755
-0.629888803091196
~
-0.19566903105153
-0.355955195916361
-0.194943263828328
-0.436341899776527
-0.716451082970526
-0.383782437391681
0.913491516369516
-0.360964139977972
0.209187607081869
-0.435793604967228
-0.0255804077874062
-0.460736767481434
~
0.0764082638524263
-0.539006693445113
0.015162849875869
-0.358510282644146
-0.71189502538784
-0.399350909084663
0.901333770361555
-0.341391443352289
0.189598758239391
-0.445346432879099
-0.0476463056305573
-0.47999809979403
~
-0.00436331156275674
-0.799554777490143
-0.0360228369332121
-0.569259576658342
-0.70226039411377
-0.413037954410633
0.906310138900818
-0.319690211707597
0.163613001503503
-0.347390621901338
-0.083952710962269
-0.356624091965917
~
0.0875430529415781
-0.603443896929922
-0.153694698333955
-0.538693025639353
-0.69747368129188
-0.43687505618986
0.898649035077326
-0.295908573603029
0.168338083427888
-0.230595214361636
-0.0750989451614689
-0.208824094614505
~
0.22605143527495
-0.608361983165835
-0.0202303687776115
-0.555546054802393
-0.69276552539805
-0.443988918377064
0.872278234967763
-0.285745945023513
0.169931748314672
-0.495187972420454
-0.0641837323698813
-0.565001981552768
~
0.0760510845301104
-0.306432955371108
-0.068453542119699
-0.363573657246383
-0.71432232549299
-0.462063486559271
0.892098700574736
-0.226204357816254
0.171662548168697
-0.39678559662454
-0.0684828547568008
-0.453646013318666
~
----